0 86.10438027848039
1 97.61666577004856
2 86.62240996854084
3 92.65899621030293
4 74.7175273645518
5 100.32146603635556
6 90.49285142708156
7 91.28786040942974
8 92.7549426132043
9 87.8045561682491
10 92.72234834806383
11 85.69342325742124
12 88.26669779890031
13 87.16025713558528
14 79.26677727224833
15 94.84873807767023
16 91.08580370732658
17 99.47625191835581
18 99.4765804101797
19 96.75077634457082
20 83.89624594051367
21 95.96762941889307
22 95.09810329946616
23 85.08842145371209
24 76.97892317412345
25 73.97895763147596
26 77.92382794129425
27 77.88919339596171
28 93.57742331345722
29 68.02750586014317
30 86.59785217335981
31 79.48377361602611
32 88.16845929494583
33 88.65544560552627
34 81.66192391760052
35 80.42029291690055
36 96.33844308824605
37 90.86987977042317
38 94.37010944251956
39 74.33561627112404
40 90.58223245767083
41 82.5098443059579
42 94.86126024367083
43 88.31997875808456
44 85.84038706105048
45 86.60913530169798
46 85.10213024839085
47 80.260185503186
48 71.9643645933305
49 74.07920152610019
50 88.26442948326445
51 92.2174064637178
52 87.8662913023866
53 89.0960913412831
54 98.95574865886469
55 89.76253237494505
56 78.32576516234451
57 84.0122030507736
58 98.43307823666773
59 95.81835403042308
60 98.04913496932708
61 89.75662762863456
62 95.79599287886967
63 87.9980928126326
64 93.14898054822159
65 81.68505623529978
66 78.46970684946392
67 75.04558789237738
68 86.16800076314824
69 72.09467919718995
70 82.66469587253803
71 103.48139414580893
72 103.91622023934727
73 92.13599916502555
74 87.51082931327468
75 74.57370731007174
76 83.2575966915859
77 76.30262906599197
78 73.59095228888238
79 73.20269818441626
80 79.99136440303919
81 65.13523415064589
82 94.63585479463288
83 89.30158847499247
84 88.36535316824092
85 91.9034664571052
86 82.87565517041406
87 87.06074585225427
88 80.86892256896297
89 77.56319691715541
90 80.5373435144832
91 93.94603155090172
92 85.26387268603314
93 73.37635003755705
94 92.257749699804
95 96.1844270022638
96 79.04945734333421
97 81.75000798771575
98 86.92883613261743
99 94.65037650974162
100 93.7972324893349
101 87.86210290440131
102 81.7043499029842
103 86.25076214440638
104 81.64068215045103
105 79.33225306214936
106 80.32958431903398
107 91.01384476945252
108 83.96995071208697
109 83.5654675369069
110 83.54277942061606
111 77.33197555881092
112 75.91020204652817
113 80.35450315469868
114 94.57938232970783
115 77.20924966900871
116 71.98682440803279
117 90.15342435607472
118 97.15515137039618
119 79.3595594228896
120 85.2244144962543
121 79.00944940907583
122 90.23455477887266
123 75.59367254112442
124 81.47499379245177
125 82.04658303856263
126 71.41120319932965
127 67.51978067716979
128 83.12372812239147
129 96.3382567484124
130 82.26909872240255
131 79.65505992580952
132 67.29831682540846
133 83.73412007711234
134 87.13936337614072
135 78.36801976976325
136 83.0183669242305
137 84.20967663850156
138 82.03319016612532
139 90.88297636127491
140 102.1771742993835
141 83.43507978872499
142 92.38841400839193
143 91.9817606470946
144 82.44993209135093
145 78.74473363971535
146 91.11211827682534
147 95.00432595564824
148 80.15186416944671
149 98.4213085367353
150 90.07749865709171
151 81.82457936160206
152 68.75129430230658
153 86.64966146948137
154 84.96616636536062
155 97.4387299543274
156 87.05548035909138
157 92.96556757925028
158 84.5910717510411
159 79.325675201292
160 94.02820065480526
161 86.73101544771768
162 101.03855097010828
163 87.01687740681001
164 81.64267425834407
165 94.2950447032419
166 78.64021735816664
167 89.78227711001308
168 93.29456291541258
169 92.65519396021342
170 86.0825410456973
171 87.86468196874917
172 84.31992402789206
173 84.63573324379084
174 82.62995526368861
175 85.55218854673814
176 86.67962697425693
177 79.67011313967461
178 90.71692502233385
179 84.20937800356977
180 81.7499932701783
181 85.86430312976421
182 79.609802363901
183 67.81986247949227
184 80.39856827908868
185 97.62196706769119
186 89.77682639063087
187 88.9154582284504
188 89.71680522479102
189 86.10765405335204
190 92.45677998125832
191 72.96778900672702
192 91.85218083311374
193 79.52440103668336
194 74.89100466353113
195 82.56385620972165
196 90.6264735187835
197 86.92952352722058
198 101.77555309546366
199 68.2109872088445
200 93.60155763998162
201 73.07992556971705
202 82.81889318531503
203 96.26146606872808
204 91.50250602122489
205 83.23147322644655
206 76.49713268694133
207 84.17581137626576
208 87.66218290656099
209 79.39581418457226
210 90.19156619447469
211 85.61842338253467
212 81.64732595543356
213 80.04451214988018
214 71.34309814779863
215 85.49900132325773
216 78.87358261460813
217 85.0440667793189
218 93.85504213131594
219 97.50431514717899
220 84.72054289058737
221 88.57044023658327
222 72.97203537789872
223 72.84147270309529
224 78.4637631811594
225 78.17159525887236
226 101.3238307107626
227 83.32057127187831
228 86.37641967009472
229 88.60178632433235
230 97.53248293885387
231 86.75348581686325
232 87.18071774720953
233 91.7191946474472
234 89.34219252481957
235 102.1926613045764
236 104.98394080037926
237 90.38904750124833
238 83.98413925410172
239 101.77237770585839
240 89.62323337576407
241 82.9985004096503
242 97.44069831543585
243 82.66277491771642
244 97.56740115911883
245 88.12327481545034
246 85.15488349011721
247 83.04536087963726
248 79.44448906479928
249 90.66024968715638
250 87.43447270491168
251 92.11318973243046
252 95.02236392446723
253 87.16284684733579
254 93.01943833859478
255 89.77468834138553
256 100.94513796764863
257 86.1877174722271
258 91.6017031443291
259 93.60935969813195
260 94.52642488085358
261 95.0919599000872
262 87.4755871521014
263 95.78474167332755
264 101.58697878570432
265 93.87997905712838
266 85.24487836641997
267 95.12649839869577
268 92.3768011398164
269 99.5742499802345
270 89.69383310993067
271 94.46075227184431
272 92.10593296708116
273 89.89326160482192
274 94.59566124954883
275 74.99815335233284
276 89.51214366612564
277 89.25423913999428
278 93.36463903717117
279 91.69156527306068
280 95.09713137674848
281 75.05307554789475
282 90.10229845116311
283 97.47916187303322
284 104.823640338741
285 96.70010303285737
286 93.74427973361468
287 75.17949713735703
288 84.03570638099877
289 83.42691093288438
290 88.61265714081794
291 100.9902740265509
292 73.44520731846518
293 84.29118220417291
294 91.8933180515531
295 81.48231658007697
296 80.44919889830597
297 70.93858920134495
298 95.67031585015926
299 88.76886351175246
300 79.04949068070395
301 84.25868655219058
302 89.34652410193384
303 90.12004044963541
304 97.0975494435781
305 81.75483542732965
306 77.52973717398547
307 89.4944236316927
308 73.32794748996052
309 76.12872673370057
310 90.75561410163985
311 101.41339581279227
312 95.01966831677551
313 79.39244708768852
314 79.3828084590733
315 100.76501934839655
316 75.20431491051154
317 68.4337382182325
318 83.53769611337228
319 93.92588621483638
320 89.91055518564092
321 94.73397775170868
322 91.86017122929601
323 80.02366908115343
324 86.25097486386484
325 83.92840643330852
326 87.57715660377038
327 90.76366713564843
328 88.4779125789021
329 77.8877293176821
330 95.94119617933359
331 85.12038094009755
332 92.52282371011155
333 99.75520793553821
334 95.76432677035933
335 89.29038435345309
336 95.2374193161629
337 92.83099872978835
338 86.01012903874458
339 84.07891770589463
340 86.12784461098568
341 78.17116302373645
342 89.76857291425355
343 85.15099492740336
344 87.31451574897537
345 103.60829236760136
346 82.22914317338207
347 91.5825350472498
348 95.64322470227489
349 92.464961681042
350 99.2413878615752
351 97.67835885235989
352 83.94257401448857
353 100.18125750164404
354 82.86724446520171
355 94.59606239715784
356 76.44076689699347
357 80.24240957743179
358 101.4390057168815
359 87.14515138035142
360 97.88097208987415
361 86.38050837377571
362 82.1758434910616
363 86.31831764492976
364 82.81689637452381
365 90.05668955815514
366 84.03146069636304
367 85.7883370959876
368 91.5085677535297
369 86.88304352751604
370 80.2332156605521
371 63.62306543016224
372 92.85779693092408
373 99.29633057147434
374 77.14601037262493
375 95.3134482999348
376 72.62658711283396
377 84.71538828537759
378 91.66276931449556
379 95.9356110588315
380 91.67958038112316
381 79.84952513757689
382 87.9087360864945
383 95.87626207383107
384 94.10941595779525
385 74.44364990604761
386 78.90096245223268
387 74.93555638262848
388 92.93662619370048
389 86.20107189846875
390 90.56800508920307
391 79.472220570783
392 81.27291359301783
393 84.90224826626088
394 93.87981706445198
395 86.55268069364556
396 79.8210104672654
397 81.94157220664154
398 100.0324214787732
399 81.8765189350935
400 90.99201842346227
401 79.29533405965003
402 84.64474931431678
403 104.87291028365452
404 87.14375205878949
405 90.00425125630986
406 83.8411061920377
407 91.6093087361893
408 87.01910455769954
409 85.73560984142074
410 88.08385244534834
411 87.99351507065717
412 70.13266699826623
413 83.70178388464755
414 89.15249770027276
415 90.12548798058666
416 92.02597806635491
417 74.55357016357961
418 66.7125543149207
419 80.1541298982965
420 92.84553120921639
421 81.94530177270175
422 86.32927179548331
423 95.03892943435626
424 84.4208442380408
425 90.52022264020971
426 81.92269489757889
427 65.30883788703613
428 85.33214527985069
429 78.5084675445777
430 94.27551149749982
431 68.67841301024906
432 86.21697876886246
433 78.46423189036722
434 76.98498477628434
435 91.73300477497483
436 81.44808702472912
437 95.32841789035713
438 86.39466902949646
439 81.95789450031383
440 90.16235376442481
441 97.16303755586854
442 75.49939500953641
443 85.64341967354449
444 93.34541543896498
445 71.88005270561403
446 90.45756531539516
447 80.99977437235098
448 92.8979279945087
449 84.37408792541913
450 88.5140651937606
451 86.56058841624534
452 76.47148111465636
453 81.12611492643885
454 91.77797774211079
455 91.98241589152353
456 80.07206381864134
457 92.64218183804817
458 108.1129335198086
459 85.44335673399749
460 100.39544339585366
461 95.34429818183396
462 81.53624195894778
463 103.1237551064262
464 89.29773646215745
465 89.74874466903228
466 82.00999524348934
467 92.19969550645631
468 83.84426985686915
469 98.60016895622181
470 88.48652579822479
471 81.01790879574159
472 99.80064513118849
473 70.86570940879197
474 78.0535050528909
475 105.68233427718792
476 100.3222298351583
477 95.46834089452166
478 75.23043735891133
479 85.86999281521825
480 96.07057549968549
481 89.62202578112839
482 93.88335331362529
483 99.90950481485162
484 92.0159853333275
485 91.85554541396638
486 76.9790445104491
487 92.82920409291172
488 86.42619256415075
489 90.01739112467226
490 85.85215747057063
491 79.32721049370812
492 86.96157781123497
493 83.26620867002329
494 79.66803660622122
495 74.77479556268952
496 84.32072833075141
497 98.86896627089159
498 92.3023367194023
499 88.05504023505047
