0 97.72088842236694
1 102.98869906902677
2 92.86421502179093
3 109.64329292585779
4 94.19970767718586
5 110.16961930255351
6 116.21199079911614
7 102.13278493516363
8 98.19996900659496
9 103.13479398408
10 114.65046585192772
11 98.39676646869066
12 81.54779809559591
13 82.76092504126046
14 100.74240634659728
15 107.05239112028131
16 109.12248230520105
17 97.50256604035918
18 107.78970268370543
19 90.42747723810774
20 91.52748347066613
21 83.14544088425943
22 112.46464572137081
23 83.28822849259994
24 92.24488226436443
25 99.38298672935224
26 114.75708400330794
27 91.14224435989865
28 91.24730822153825
29 97.15085134947128
30 78.62328171030491
31 107.4965773681982
32 77.58458787120077
33 111.96997547929047
34 99.80718435964965
35 94.63688494130129
36 92.31734573826988
37 94.34708655226594
38 95.16338800498633
39 97.49935758861555
40 106.56336914025712
41 90.24072680122318
42 99.87436959113138
43 98.89707104056531
44 100.86123189265138
45 110.32830251667869
46 104.58450174934895
47 92.22402399464035
48 105.41767282904107
49 86.50532549935627
50 95.82980493481517
51 97.96786596031436
52 82.98102433290428
53 106.10829540845329
54 93.14560980544091
55 98.56536319322004
56 97.36543950337413
57 100.38308833382914
58 105.20007262410556
59 98.40484662149194
60 90.2828894613981
61 94.61386143475575
62 100.45482838006447
63 97.58964476670003
64 97.6982522228071
65 86.40242955852169
66 87.95272685620772
67 104.94201731939285
68 89.86496374282737
69 97.68727423399092
70 83.96492773410945
71 93.41907703037859
72 106.08799036202839
73 124.50729079880715
74 93.45023628223743
75 87.22360375038264
76 88.11708403803604
77 82.02228087850115
78 110.45873252349604
79 101.24053059410898
80 106.13068394749612
81 85.9306862804968
82 91.97345657246343
83 94.06003084413287
84 101.93227147967725
85 90.82140559600484
86 75.27254426278725
87 82.7990564668042
88 102.38928969536343
89 103.42763345292857
90 110.61355672373722
91 80.14000111900731
92 101.36945362080354
93 85.29625492515156
94 102.21670188365911
95 93.67701098424729
96 93.23332867837809
97 90.31047185126765
98 110.74908278020592
99 107.04896033550341
100 97.42639273242649
101 98.3109675574062
102 83.33205792783625
103 86.06936248052284
104 95.93052250001885
105 95.62541142291626
106 92.65295606565338
107 94.54145850701146
108 82.71909018499791
109 111.19075897961999
110 77.55644887260976
111 100.0801001136818
112 98.3464386109558
113 89.46961462657434
114 94.38698668359908
115 102.81542399798252
116 93.72584555993961
117 87.64913631942142
118 108.31824913158269
119 89.00220119149233
120 103.77371206953336
121 109.4057587299395
122 108.65826799100049
123 96.99559738751486
124 85.91114856794339
125 93.14272007164696
126 89.24066716237226
127 101.73085652974511
128 101.1489765863323
129 100.28661797587556
130 94.36135798358043
131 93.7204575791087
132 89.80084945305772
133 90.31877990449362
134 98.71711413138416
135 76.41741370185812
136 76.9704725186469
137 99.9279934391408
138 103.51427983448657
139 99.87498380822876
140 97.82863569196411
141 92.77448745987986
142 104.11508716229291
143 106.21985050706141
144 90.26815761876037
145 92.74902430124841
146 115.16880518134658
147 85.58020109255986
148 91.82857236096585
149 101.29798634794464
150 95.50564965313399
151 97.94693151967734
152 97.08641493284546
153 94.98574819236084
154 79.56040253275647
155 95.72583737068437
156 101.57233881861575
157 99.66002458157108
158 78.40713242616972
159 79.38690900425067
160 111.69065485998455
161 105.81409677342785
162 105.90734941548222
163 89.42374763770555
164 94.89452213310051
165 82.48359286500109
166 91.56493237906174
167 107.79040591745648
168 108.33996090617337
169 91.48491620868134
170 107.76756959420516
171 113.09070291892083
172 100.00821716833713
173 99.21046483755109
174 87.2383313569571
175 98.3142827864085
176 93.89689302349282
177 87.36359960029927
178 106.97330327507008
179 102.07464127477007
180 107.20835605261543
181 99.46268158229934
182 80.36897332891378
183 92.35713677352277
184 70.78179669027296
185 102.00700832615819
186 109.05363888237316
187 97.97824880827521
188 101.9402577296899
189 106.1083954780419
190 110.53495729065342
191 106.13535451231174
192 102.6655509780796
193 102.06420817091211
194 87.9524048109144
195 92.75010228514623
196 95.15687563646271
197 84.2144185736848
198 101.07841398922362
199 97.20733448285635
200 108.28733149547922
201 89.15196764412585
202 95.23699267939384
203 90.54005137774024
204 106.5024220322072
205 91.03524423893404
206 104.613646722431
207 100.90757995822283
208 104.6454025736832
209 104.53413954428925
210 75.45810327280708
211 96.07620797654579
212 105.7481286390854
213 95.99434327148094
214 105.54846307052561
215 84.98496597550954
216 105.44915361600546
217 85.13407611297237
218 98.06050035676958
219 95.35995437436412
220 104.11315863725352
221 110.25878516823231
222 85.86675491447532
223 98.12267124627493
224 94.79722226602541
225 86.5006575621915
226 85.84398557551694
227 108.4116302949473
228 91.02506380228581
229 93.44678972737714
230 85.16103133419254
231 90.72210888540296
232 102.40131774422274
233 87.14569926499003
234 88.4768057227767
235 108.90947729780446
236 85.35502641085205
237 88.4185820832078
238 106.44171566238681
239 81.92742636321485
240 111.24957574607582
241 109.23104955417934
242 91.5653404038094
243 110.03416386250746
244 101.2716020177077
245 106.04737357002224
246 100.75687070502975
247 79.29219244505228
248 109.93158665667167
249 110.26646036291187
250 109.46125800659722
251 97.51371382564814
252 99.21106448113834
253 106.22467729074711
254 103.58816140384762
255 101.6014219943363
256 102.38215081751054
257 95.40259563207853
258 78.31632484640542
259 89.13407167249082
260 104.24515163024823
261 76.4507529411804
262 109.36705231626495
263 92.68453306134349
264 82.48342513367075
265 93.6051251829233
266 99.25074920898535
267 111.80167083610598
268 78.70914449956692
269 101.8002880208581
270 78.95977182250279
271 95.0515644673723
272 73.01491936562294
273 100.9479057228461
274 80.44172852972098
275 92.14934459595662
276 102.67288564985111
277 84.83524980383463
278 101.09578268391374
279 93.57093691575116
280 75.3960244234513
281 87.64646550574633
282 115.46960902056158
283 96.65507368315124
284 74.67531417256862
285 95.91936072591523
286 99.91466891326063
287 95.09701942190937
288 102.00941357072581
289 71.33910381455978
290 87.18909119857979
291 99.40959383164127
292 93.01378680802428
293 94.4910134290599
294 103.26535258933157
295 89.51920988000968
296 93.65788562377394
297 82.91121683058984
298 100.29003199766633
299 100.23315144325971
300 92.73534041983838
301 106.57188516170187
302 107.8129611138193
303 120.52523584274189
304 79.43377648417234
305 113.66063585431816
306 87.65670274623389
307 95.04219256531185
308 79.28424641145212
309 89.87493193321457
310 84.77824755310144
311 81.0276565638689
312 87.30936193511303
313 111.23572105819632
314 94.85076249924471
315 106.14342718436879
316 96.6847670326351
317 63.95104764390538
318 82.03553791318727
319 98.81778336116524
320 91.89749519619616
321 91.32796137766844
322 103.00364305393042
323 75.83344250896813
324 103.56008917198851
325 104.28112896052038
326 93.16756336179516
327 95.1218049561544
328 90.48156816215844
329 103.70010799040871
330 95.1657306239985
331 92.7680646869891
332 103.69796240623232
333 88.12278530379686
334 111.83807675569398
335 90.86332377374113
336 80.59722709846753
337 109.31630692112965
338 80.49870065432171
339 104.47059226971085
340 97.05469283834552
341 99.5744143424333
342 83.24330607258253
343 81.81420492221503
344 101.95685829862899
345 99.50280415559287
346 89.09589276625653
347 84.18150371013658
348 84.26218919262878
349 110.01910133851217
350 104.89070720989946
351 80.34416006633434
352 96.99467069296001
353 88.56263841587322
354 94.12416563702693
355 97.80026828065398
356 105.65817380571973
357 94.95205513940886
358 90.53553594744892
359 91.66992763144444
360 106.69463042025234
361 94.77269985377099
362 97.35151326874299
363 110.19609206647718
364 112.82818347479932
365 91.8697614641226
366 83.62932661574459
367 113.3291623686146
368 80.66589116966354
369 83.44942857299729
370 82.49986877043739
371 103.71845185371613
372 87.33234000032056
373 100.65883342447417
374 111.68257141005502
375 91.68840302554533
376 92.49140967701268
377 89.8482992678739
378 88.35011228666087
379 79.64198074688888
380 86.68686276859664
381 85.46880738697547
382 93.80528797905598
383 96.64369328584606
384 73.44992790748584
385 96.8533233525062
386 100.28981567010564
387 98.93924984113052
388 106.6395943819745
389 73.76485271387563
390 102.59923707092766
391 102.18145441312465
392 94.4313836004359
393 93.42977184751425
394 94.6872845169464
395 69.58258915525876
396 88.12011404104763
397 89.1079080640632
398 95.65518077575891
399 95.69229129278791
400 90.84519001288135
401 94.64295147218785
402 98.20567396629009
403 94.11496190962228
404 107.18412062664615
405 86.45146776857912
406 102.61447262063305
407 100.34387163981869
408 98.14499797517392
409 98.19934857776794
410 84.7006421432736
411 92.60942811031191
412 100.83830262774944
413 102.67142509404628
414 99.90686891174714
415 105.46523820220008
416 102.53942774750931
417 112.57511395571488
418 96.66520942527137
419 92.5857006675152
420 90.16166097254978
421 101.15584912283589
422 94.24928975859942
423 118.24853007702004
424 72.04726840952597
425 104.79091715619889
426 118.32715136234317
427 88.03163158665852
428 99.6631700714691
429 94.90127892409642
430 94.38272872892819
431 95.65094507190251
432 96.89567849953845
433 105.55837625148581
434 84.4809247842433
435 104.3821222971472
436 93.33447465078389
437 102.04630092950016
438 98.8644000350166
439 73.66949841848228
440 105.88353229132022
441 91.9231649270526
442 101.71736677332031
443 100.05025408986562
444 102.47416074130894
445 81.2045198148962
446 91.87380820969355
447 91.00967444086834
448 92.4894872523295
449 113.20223771441519
450 98.34978519324603
451 95.79664384111922
452 89.46988486651017
453 110.7659872471906
454 103.80498945254367
455 110.19566086082988
456 117.5886200010786
457 82.21047678297269
458 91.98789767696822
459 85.44928216600618
460 84.32900722643447
461 101.06748209728173
462 104.7684447122416
463 85.78097691687167
464 84.84896666652227
465 92.84342366905513
466 83.25145950797186
467 110.18337903153183
468 103.49528238326091
469 114.47270532652212
470 110.89396993752369
471 119.68698960264504
472 90.51033322212488
473 90.37418436270863
474 96.98598029090634
475 104.70950793977511
476 95.44899839160749
477 90.40407228285969
478 103.18988417200877
479 96.17634214928027
480 95.07452355594572
481 97.36673852740137
482 90.81774441080177
483 114.69495117403488
484 98.31191817871122
485 95.98262852808783
486 88.59704689124634
487 112.48594887075576
488 111.64412944035038
489 88.44123081216746
490 105.17720417231645
491 96.21858835114391
492 98.33064426691877
493 104.16622269725129
494 89.98238978070393
495 85.15532166432922
496 103.56752317873104
497 115.65795418227331
498 105.10303263792751
499 107.76901488738679
