0 121.30370584330853
1 102.28327310640256
2 106.82454351407563
3 96.08390731142894
4 108.19958405402632
5 105.99669494476761
6 97.22367515605303
7 107.13197500131692
8 121.12615214522867
9 99.0391748950278
10 101.55728357569679
11 82.34939640150974
12 79.79964196907801
13 101.29743370767898
14 112.68276719543549
15 109.1733813357619
16 109.06882442062654
17 122.33409610898767
18 99.42984198819249
19 106.17674615623521
20 104.42235972161606
21 98.40269892946743
22 99.44067386836716
23 104.60706698642832
24 103.29063913226888
25 101.37703788863665
26 112.95633784492378
27 97.3106814023746
28 103.39661304886934
29 109.18668732475741
30 89.24681250243508
31 124.97888186564569
32 86.24535837410042
33 106.16497860412655
34 104.19840226422859
35 108.98611556544788
36 90.3044263950917
37 115.2825371042814
38 98.83632916223253
39 108.15987174496982
40 116.35466582412049
41 125.07559056215362
42 114.92898142448969
43 98.20455598490148
44 104.31910251066319
45 118.09123714733542
46 113.47915896500587
47 105.47487051889831
48 99.74709091223464
49 115.83030130985507
50 106.04002870883612
51 96.49924615023977
52 116.8995084225898
53 85.50116276564836
54 115.48052796136722
55 118.1055176987455
56 125.63489434930261
57 107.60424060374147
58 108.47047436166827
59 88.53315931916777
60 117.73175055610378
61 116.25785668638795
62 110.55490994858681
63 108.63628879999727
64 100.86015121196269
65 92.21294234219124
66 121.16043304684331
67 110.60914100582987
68 103.01058656898273
69 97.47430094255692
70 99.22040759122098
71 96.5186865557619
72 117.28682895383048
73 122.36434231504415
74 121.31534350988753
75 105.16010540712041
76 108.45005427332379
77 127.4690659202758
78 112.29482434822278
79 113.06097798288033
80 120.11957290589294
81 119.68827817981706
82 101.9797217368098
83 107.77312487025955
84 122.95536458696355
85 101.4815584310592
86 110.31755795162114
87 115.04567866109905
88 108.17926864849893
89 116.79517608518401
90 118.12435372851591
91 103.6788243883957
92 117.86351591742022
93 110.73721115027699
94 103.77785335990349
95 122.26356236117007
96 101.2384429658476
97 92.1178430854415
98 88.43725598123
99 101.25711986070618
100 102.51845819161949
101 99.38490805190568
102 116.72631514367028
103 89.55016313183947
104 117.96532114387249
105 94.35012168211728
106 94.07807808791007
107 86.19244654636172
108 126.53626235362127
109 108.51132621124788
110 106.54530393276455
111 88.22494388820402
112 117.0691732979146
113 93.35601868003026
114 110.03979230637532
115 123.24419743155256
116 79.10272287381467
117 107.59510124242368
118 76.05595280155171
119 104.27380567603836
120 120.63479863181041
121 116.15775293670917
122 105.10634022264239
123 125.59352349771726
124 92.98970790033673
125 92.27704762806906
126 114.40372109631964
127 109.87536599866384
128 103.19801714522546
129 106.51284250781617
130 111.30282662724899
131 113.11938367825245
132 113.88978515596528
133 99.93752889236639
134 114.37093574209534
135 101.33935655537829
136 111.7995685934208
137 120.13818500379219
138 116.44275450386355
139 91.05865014336929
140 95.7121784321364
141 105.21085967880244
142 114.51487226137823
143 112.44877429248018
144 101.66930390144469
145 129.43450949147262
146 116.2640159815259
147 109.35611314335289
148 103.31518620701166
149 77.1543669796711
150 112.44026488549392
151 87.28466723299638
152 114.21478605600262
153 106.67799906005187
154 101.88647601957368
155 129.14985279006257
156 98.81800825103045
157 112.83806295165854
158 104.22392364304791
159 125.57648402092724
160 92.83787163968711
161 111.88055806315039
162 96.34624604776933
163 123.07146592876566
164 129.68204341318832
165 112.81747428293104
166 97.64782662282818
167 103.42137773992248
168 112.04368154576116
169 107.01544926528013
170 124.05608906069418
171 120.32156230122258
172 106.0238588626004
173 105.43943478107497
174 104.8925558477638
175 111.90167192321049
176 118.07119130531348
177 110.21884796088536
178 98.0350687415084
179 132.0703041162856
180 100.18012230643265
181 116.2447439332405
182 111.42768759016994
183 115.00321275667643
184 106.38524802379955
185 108.51630132349037
186 125.97487027191002
187 116.6794809734241
188 120.40534965489088
189 108.01258765697683
190 104.34643239080103
191 101.59318906553409
192 116.93782771154702
193 114.96513364615747
194 127.09429756622244
195 113.07976467526187
196 107.05595844207005
197 97.94823340293374
198 102.07994077227447
199 101.26094692449216
200 113.86727765607735
201 92.53920496264992
202 113.72497950168062
203 106.36741886868813
204 120.10710716101262
205 97.12039204257219
206 108.76048840298418
207 102.06370307958261
208 105.22730438629537
209 112.86466207300545
210 100.95206643634332
211 118.368148422527
212 108.92726611179931
213 105.98847229175796
214 107.82808936316864
215 98.38977077232687
216 99.7237366360942
217 103.95742857491224
218 103.69348770992809
219 85.28167130716892
220 116.08150940523245
221 104.74114320370522
222 113.87197660916611
223 103.71449594472269
224 106.70689999610816
225 105.16702574815005
226 121.2909416297992
227 108.22128072587617
228 96.43069070451669
229 100.96894080645991
230 108.56587087500205
231 105.24158282190012
232 102.51178150297348
233 118.10985077009236
234 73.8452681112718
235 98.89343003253245
236 108.22995952576076
237 91.99996489493628
238 81.33170742284513
239 129.43274992601175
240 102.10335830077611
241 112.33407989232835
242 90.76998532083972
243 107.76182203227606
244 107.07565188111256
245 106.15535176685276
246 117.21646555722948
247 105.95187328458577
248 108.04185739088209
249 121.86164895636811
250 101.61599422692953
251 104.13315136493271
252 115.74789960274727
253 112.22971150114395
254 106.3086058845167
255 102.0519701437865
256 119.80277517556533
257 120.1428490334708
258 89.6599405117654
259 104.5708451633066
260 102.7521283796799
261 82.234816605303
262 103.91484704402788
263 107.02205255444618
264 102.97466770245008
265 101.23077312719418
266 116.14532301756668
267 104.25346972615583
268 109.22631955316987
269 121.57346311097892
270 98.7828963182376
271 114.52993749698251
272 101.52909602576798
273 112.92291652062819
274 119.05488410498191
275 131.55090553509032
276 99.16035483438782
277 107.94077431408826
278 110.61471488642253
279 88.05385699638886
280 99.0286190505864
281 129.06073539833488
282 102.83341626500692
283 123.1717253501123
284 89.19633169726455
285 108.03624408947321
286 106.49655135579798
287 105.07160870709819
288 111.52740719878199
289 108.18528411223424
290 126.3004085487139
291 95.7737004175422
292 100.39269080900529
293 118.15068340582101
294 96.2262079827642
295 118.01762648055404
296 126.0491495508424
297 108.80467323934579
298 117.10450250798178
299 127.33526964145177
300 108.87347558030845
301 114.79123079412527
302 114.18356293873848
303 96.382522357229
304 120.20748833463968
305 111.2528370121083
306 107.94459766526944
307 114.05315362197824
308 111.75809125554662
309 98.15988476939955
310 116.98844691780793
311 103.17568421138728
312 101.79379797215496
313 118.1735570645208
314 74.92370527260721
315 105.3683657352723
316 91.08989667461043
317 82.3048700233653
318 113.36400225909638
319 86.10406827856042
320 112.96237958196467
321 116.11849540400512
322 118.66117488301563
323 95.99175625769624
324 107.2410388140778
325 91.56573551251343
326 96.02731914496462
327 98.40128432960182
328 87.17253292132254
329 106.59817915509038
330 101.12835690543815
331 114.06587442179736
332 106.9952755722399
333 129.76693697305583
334 128.98136342609124
335 117.81281837134388
336 99.74147452271656
337 102.31409087585213
338 84.75896058946364
339 110.84496775206802
340 95.5759462182032
341 106.36741101628517
342 127.4749217779035
343 101.4339965918526
344 109.9679988072515
345 111.23960472161065
346 114.41862774066557
347 112.77573795759906
348 108.24715041212981
349 105.88669928781287
350 107.71561085715194
351 112.481196973107
352 104.87840746777773
353 107.46096972221594
354 109.66040627336737
355 100.5955507915138
356 103.96466011925064
357 102.88181430976137
358 124.0594995438078
359 101.14444018346855
360 114.04226207721595
361 103.43556084270476
362 106.55186999526966
363 119.45505965390274
364 104.5830129537759
365 110.10989245149852
366 116.43868706348329
367 102.00595861630462
368 102.65132556750493
369 94.7261811811747
370 119.00545704713667
371 107.16282124081692
372 99.59712789903492
373 115.76031329393402
374 100.67104698767962
375 95.59506479581137
376 114.22174747310045
377 118.66908408608819
378 87.57538006071175
379 121.49146596663215
380 105.00935158581503
381 119.22938835744225
382 122.27931774891792
383 101.86613356086956
384 102.63574722737039
385 109.67030882656935
386 108.01991142872859
387 106.62094444666572
388 115.22014974468821
389 91.01385357349533
390 105.02643326320225
391 115.64380968244193
392 104.79129403255347
393 116.76206838483881
394 141.02449349437936
395 81.10607417274105
396 126.05609290167799
397 98.50916680672707
398 90.03695498393833
399 100.19114066480573
400 105.50198297742672
401 127.18043047059967
402 111.1343823039791
403 125.90361619106619
404 113.26402180087811
405 104.29850797777465
406 99.65119558991822
407 107.62538756077555
408 117.25413614884611
409 110.53133132596469
410 113.80769835088762
411 103.07763654116192
412 102.08331211140195
413 111.09859089053118
414 107.30331883336396
415 101.86189235064217
416 125.61407190197593
417 125.5196316161912
418 107.77401712916948
419 111.60716547430195
420 107.32915868702663
421 105.68601500513994
422 104.01726508385907
423 111.7503775303225
424 95.74449179583415
425 118.68406163461074
426 112.3081919191649
427 92.7497042770244
428 105.63202955415365
429 99.96215830322689
430 98.56687094752053
431 117.86891101341728
432 90.56949427079019
433 128.44333476806662
434 117.44228959645991
435 113.41239564237408
436 90.95441474731582
437 96.17363118687406
438 120.34822228938485
439 105.01215968976612
440 111.17290080558776
441 83.9746833089361
442 85.19672453280937
443 104.30181993301198
444 95.7196504467307
445 107.8868062399864
446 111.03707598319428
447 110.31941455036866
448 104.79436067284834
449 119.38105660213907
450 119.83624287990062
451 124.8008720591242
452 92.71979337650953
453 103.39936971251429
454 106.46179788759575
455 87.40885045478154
456 120.05345593549453
457 79.0801297322487
458 100.82433611108341
459 97.6710452131855
460 86.6765992213773
461 109.53704038532207
462 95.23864743167509
463 119.21003020346733
464 119.09119454424969
465 98.55783024812304
466 100.12010683113432
467 100.03771181778757
468 103.36846247672004
469 115.91174636545887
470 79.2784205224578
471 120.85850745138043
472 94.38244135053452
473 100.73227720709853
474 102.30800959703225
475 115.97809534942103
476 108.08749528992428
477 97.5209200339724
478 111.3542052325992
479 86.56184585070571
480 111.15279838317451
481 119.63539562086204
482 103.77483389131038
483 107.81065433656796
484 118.08965001499035
485 105.73013137256
486 113.59952292843452
487 115.87896790596957
488 94.85406611741625
489 111.16078568430909
490 115.42016318606248
491 102.74845255048064
492 130.41629410203618
493 112.90797888541908
494 119.08761794903108
495 82.6077448623404
496 129.38618411784762
497 116.65097712528492
498 107.82086914574974
499 105.62393466077683
500 89.10389553320611
501 108.64222905487074
502 90.65498427727725
503 123.18461946902185
504 127.52931493712578
505 104.14901131621883
506 107.53659031103163
507 101.79975169267185
508 89.01096044928013
509 117.53883392963901
510 110.52918232905105
511 107.74796972418821
512 112.1272519581853
513 94.44925270477782
514 117.45409212364531
515 95.37316119930789
516 83.56083442584736
517 118.63106353477248
518 102.55002482221056
519 116.61422845451808
520 111.39931048759395
521 102.15017674130316
522 101.13519779550799
523 110.41468670193923
524 104.23219264305898
525 115.61346398156515
526 100.90650770865852
527 104.50862659037043
528 101.03259638015648
529 100.41864220800846
530 107.39457458149877
531 92.86261564748371
532 103.02850750929015
533 114.97218331355387
534 98.61562628044945
535 112.54643959872685
536 77.37537122205416
537 117.15379289129139
538 121.70884871231704
539 110.15677107567994
540 121.52309056370436
541 105.0190275708365
542 96.1476616586872
543 101.07444693052634
544 100.3881793969109
545 112.05300655137826
546 115.09790328961022
547 81.16956441237372
548 86.10518553141054
549 76.58053138464444
550 87.07855586160797
551 110.66606066505841
552 109.88183084622074
553 115.14484560978616
554 93.60927732503907
555 102.84496560685098
556 89.26451398772959
557 113.41375767919088
558 64.35202567417315
559 100.85545175976172
560 100.83935977243888
561 107.189908851729
562 125.78322408533404
563 101.00103905235531
564 121.75873293037444
565 105.68955379282806
566 105.15066671382256
567 122.415989298342
568 109.81049164858042
569 106.09413743216514
570 112.31193232175815
571 118.18516406452171
572 89.0713120374846
573 111.18599379680782
574 113.27260085804582
575 102.97780072481329
576 105.0436657650878
577 98.24889618287433
578 111.54662935663775
579 118.06457242707724
580 113.26835307772383
581 120.94311848090743
582 97.00202699734146
583 101.93870652110533
584 111.83922815534999
585 121.77517246928524
586 116.46702104985465
587 111.36135295960175
588 104.06216032512133
589 114.23797286654096
590 100.31405713042619
591 108.73958878312351
592 112.54415006583476
593 104.14003478224802
594 131.80468874722987
595 110.38682861299611
596 109.65250768569834
597 100.87798948679969
598 83.13073896805047
599 132.24960800714214
600 126.2270987874771
601 111.59638054121598
602 119.75738795842258
603 118.97268716554156
604 100.99874944829486
605 99.65594805252921
606 118.93848465071798
607 124.81338594827604
608 101.56936847307881
609 115.14976242534625
610 111.95995641794647
611 107.89955806531208
612 111.85864983554934
613 119.70554815583075
614 115.75718419658007
615 117.5604928822283
616 100.24983859318225
617 118.80282342738363
618 116.7170338886921
619 110.0999132526122
620 120.14022294135738
621 130.07003966720194
622 112.48836152101929
623 105.49892631853656
624 92.20549252907513
625 93.1476914125781
626 106.5121674277511
627 111.14683285705706
628 107.16618379825523
629 106.36416738315239
630 109.94325319793454
631 91.65976964234778
632 118.29727843761783
633 119.85477553378635
634 116.51258214508194
635 127.67872214552783
636 118.3318849728214
637 127.79321968882293
638 118.4544041400988
639 111.41603034046749
640 111.63341535389942
641 115.56267868164622
642 126.3713488339249
643 114.63237277860911
644 99.5022363519882
645 118.05613621287095
646 105.15768383875982
647 102.61821112142815
648 103.68294932587654
649 105.2124259239445
650 117.11577389278038
651 132.0054205550303
652 116.08352109453125
653 101.38024021381578
654 86.18779896541304
655 105.00959511711298
656 103.4097475783205
657 104.2539348328948
658 113.579411487629
659 105.77818035488292
660 113.62301899729353
661 113.35055040724686
662 115.97475661306733
663 120.08063646438995
664 105.62474454213707
665 106.86722297140912
666 101.72943521489879
667 111.51405917830645
668 105.83562281186417
669 104.30562506966172
670 109.61036801399071
671 125.3245976049796
672 93.27038951981002
673 120.1833618734122
674 105.97275721568911
675 93.05261173942905
676 105.44157983391416
677 127.30042880379268
678 108.66289288055813
679 132.66287635565774
680 104.87771227371715
681 93.53841799960162
682 106.27800745272069
683 110.11899551030056
684 95.44924339740156
685 116.49477509391531
686 113.7112528983473
687 116.64346416360505
688 116.19508931445372
689 126.4839862178316
690 116.94067021962665
691 105.59014088123003
692 101.14064851938771
693 117.88776164754756
694 96.22351974685913
695 122.05162478899469
696 104.81193789867915
697 116.89390522481024
698 107.12134317010884
699 110.0670246126313
700 115.2683372876068
701 102.40497792343801
702 123.40591899867084
703 95.55595398483433
704 113.85950157331013
705 103.79168454266927
706 108.91058683810802
707 108.30958973255582
708 78.26862734652818
709 114.1646710227434
710 99.9324921454881
711 105.99202341574787
712 105.21009218657352
713 111.61007609580409
714 133.12566966485105
715 136.83222049648882
716 98.26380448131889
717 104.1648887569081
718 108.62384213059714
719 105.10545866931668
720 117.81946696913062
721 90.61198125744181
722 120.89931748218102
723 104.80991361108129
724 136.86410070652914
725 117.97320296755159
726 102.51431384118723
727 111.41866695763217
728 126.12004101391209
729 112.60675899325702
730 116.91668940345109
731 120.67134420049896
732 131.80431404218322
733 107.56185913051321
734 120.95308028830841
735 108.01896887442135
736 113.41411069716754
737 103.37548350250454
738 115.04730201033794
739 100.19171102717985
740 106.76030929917381
741 96.65913430975279
742 121.23512320336293
743 125.00231848610498
744 108.52093283772692
745 109.44852160137324
746 105.06054478206501
747 72.48164625212571
748 106.32932516820799
749 115.17699633121879
