0 64.44494177531305
1 67.06507848946141
2 79.7584765197763
3 92.55813054509177
4 56.43579053258385
5 60.584207204768596
6 83.8301919661736
7 88.27530009299213
8 69.92663672660568
9 83.6512946773118
10 56.709011329164845
11 82.97357865527664
12 59.847884402466455
13 65.01724283252129
14 71.38733002920378
15 75.73727340850189
16 79.88086129986169
17 65.8131724937864
18 65.01125752953536
19 69.5772617434319
20 90.35421344784827
21 94.66324697961457
22 74.38641427573766
23 83.48886652380276
24 80.86768685363657
25 62.61287284769151
26 83.38807690321218
27 72.08540842899134
28 68.79063776081173
29 65.41833221031705
30 58.234878370892815
31 67.89807371837588
32 84.46767845641774
33 85.03106002268122
34 75.72110373412858
35 89.90555168699906
36 86.47369741233607
37 81.9501251277615
38 58.395978481725805
39 75.98114979590588
40 72.92776765433591
41 78.92201465334364
42 99.0309890793212
43 90.04038491069932
44 78.39247607203464
45 79.52902931957286
46 70.98953267645373
47 86.54960250309655
48 74.23639784500317
49 93.79704302747177
50 64.2452964190244
51 56.67298586574091
52 85.76347131972882
53 67.7525201626371
54 80.97704892443421
55 57.15951437377195
56 92.88952343105171
57 68.50889970729959
58 77.06604622149962
59 73.31773428215654
60 108.2661194838729
61 105.3482301618439
62 103.70933858642188
63 88.83518944248837
64 72.14000038665124
65 92.26221231284691
66 66.41129180285164
67 61.94753065188646
68 66.17121101139787
69 89.72500903762702
70 96.68420437675815
71 80.81836956031529
72 73.0313889405949
73 83.92810778966201
74 93.65340559091796
75 78.25299747670547
76 81.34104387127262
77 81.50187757759147
78 83.46918393227143
79 64.94862270308818
80 68.66742713539095
81 83.83679607017845
82 81.88657779114334
83 59.416932765939904
84 77.18324418845881
85 87.19321963134374
86 66.93500382595839
87 94.08313686145047
88 82.94952615274543
89 73.91287729076613
90 87.7443158399073
91 91.94126436580969
92 83.01658784549929
93 80.26483395842303
94 52.73502100482366
95 81.7237978651651
96 64.31365118566352
97 78.86479699171754
98 100.72808046526384
99 69.4484487494646
100 62.91834086239734
101 70.44365856380367
102 76.22029511560703
103 67.11915758559942
104 76.50833439853999
105 86.38277296102562
106 76.67105622027937
107 72.61029546159311
108 84.00183032163285
109 90.38776853482878
110 64.93564102582611
111 86.19820371116906
112 53.62694339235424
113 74.76220553848042
114 75.73485972674783
115 70.32852077604049
116 80.05904095780951
117 77.25138159721058
118 82.75486253626308
119 73.9884501290854
120 58.785550310392544
121 81.04449893449234
122 80.94781852968597
123 77.42352622008684
124 83.6814174405384
125 80.94087411784983
126 87.43659149233225
127 74.34162145167997
128 93.92923058511543
129 81.89598311420161
130 66.88961839948333
131 69.07227017569424
132 84.156161104049
133 89.05241561557834
134 90.88026236813432
135 63.860178675568775
136 52.80234259436693
137 66.89972887093474
138 84.54276843067947
139 67.26183611680885
140 93.88553129345237
141 80.14536577358655
142 91.2677304383137
143 68.74843455077907
144 93.75002833441188
145 71.07628793127253
146 72.54039639384256
147 78.09026954961519
148 75.73429385388921
149 59.147352962594354
150 67.85450986280735
151 67.39464132091499
152 79.53661181681835
153 52.19758368108513
154 73.62356579339483
155 66.84572363127917
156 82.43944147662573
157 84.32380512739455
158 75.2956887198629
159 73.49249852893365
160 71.95481330814285
161 78.5372282717368
162 85.89207408331194
163 79.092874282665
164 82.3103988890864
165 64.36618981095283
166 65.95622218919425
167 78.79911908812763
168 98.80576282577391
169 61.506033473184594
170 76.35441986671923
171 66.5622892698832
172 65.97450704253268
173 93.8485631611896
174 81.65417857257421
175 71.62418309054988
176 68.86145613522407
177 74.66259318785626
178 67.86490960326874
179 73.06220628576042
180 93.90257787389577
181 77.43164837891895
182 79.08443264709464
183 65.89948178920672
184 77.85471690097465
185 77.61354085558747
186 69.70360125346204
187 81.81077211276663
188 76.20684516016685
189 76.81906505728338
190 79.46255442856845
191 67.3993455600591
192 59.73448968838353
193 77.42529337284537
194 79.2577735375289
195 67.66574760143803
196 63.300114626941166
197 73.80326165082674
198 77.99454030909173
199 79.8573201530142
200 82.3651339640215
201 83.25597430734206
202 57.26208790294036
203 74.40315017812638
204 73.9812192949115
205 84.86506057895112
206 66.88056104697623
207 47.31786828555823
208 82.78925851564946
209 72.3493778464822
210 68.8253863473876
211 69.07253973325092
212 74.13113044272905
213 74.71639749313462
214 63.46228959947553
215 64.71916618524969
216 78.99405761239294
217 93.58868909265915
218 79.65468237881126
219 64.04526388598566
220 83.42034376859502
221 62.42954057621842
222 72.13739364146599
223 63.88918714264515
224 84.3331006640472
225 65.49156650674952
226 62.522925708705124
227 86.81256980658333
228 75.31277983373738
229 86.76635658630012
230 76.85130585883795
231 74.26378888110946
232 67.27879205313323
233 79.42074634356295
234 81.52951621299586
235 73.8953360119142
236 73.81298395361195
237 71.10418860062444
238 76.45965536871327
239 80.27603630208893
240 96.14966867564807
241 76.14619817371853
242 103.36308350756907
243 80.81915497322395
244 64.92938813621241
245 81.73240698063493
246 85.83030253489471
247 86.48362243364032
248 86.19162714006512
249 76.97862683957291
250 79.8109179404211
251 99.21856271445485
252 63.933965521929906
253 89.45846893596568
254 63.023031844558794
255 69.81700528066361
256 94.38366644105363
257 64.04203178189866
258 91.09545988877915
259 88.13629325801006
260 95.7410796726656
261 74.63450092179917
262 58.05768135816579
263 81.96230558967551
264 94.73860745479176
265 76.6273880277626
266 73.84629415580393
267 89.49667261654992
268 86.15070442778448
269 80.28549035534864
270 63.04939547963701
271 110.94171289058285
272 97.73399516714963
273 80.45138841203992
274 90.6384274314466
275 97.69183661971735
276 84.40502205441054
277 82.03425007798941
278 89.95083531971922
279 90.68085002016844
280 74.82681965766346
281 69.1395378393704
282 84.88819473074386
283 84.63114003262963
284 97.97365088563907
285 81.93731389487546
286 65.87699125334166
287 72.64482285670847
288 85.51602860910198
289 78.20157717084642
290 84.65478195627301
291 80.78869308322288
292 51.05302200214272
293 85.43505683182093
294 98.7796528294452
295 65.27330459178043
296 79.28974076043099
297 66.59144969685796
298 58.222951526626
299 101.40701620742512
300 55.60929588837707
301 82.2310465210706
302 85.95823404786537
303 75.41579187478544
304 94.39246704481374
305 72.10154820541162
306 80.14190852605992
307 82.26334061987605
308 93.52383388408008
309 63.663342330921324
310 78.59627627801461
311 87.42922346282178
312 77.02096226808372
313 84.57946979860466
314 63.81886547062287
315 67.15262658939001
316 67.72367080514815
317 69.29422074006244
318 82.73861246312158
319 84.30802666384862
320 93.73020147254982
321 67.42947712693024
322 76.44087941904601
323 69.6765438797564
324 59.31797930649941
325 99.6833254377876
326 66.07518208182701
327 60.52760308371247
328 70.80839479744871
329 59.59138253757783
330 73.52271368338896
331 99.25634329078709
332 89.55719276534847
333 102.02460898332944
334 76.13659450111999
335 90.5051560814975
336 90.96815954627792
337 76.81379327802598
338 76.3586783819276
339 89.63889017659682
340 100.2461974684719
341 64.23491364527304
342 73.78349806432908
343 78.98399676500735
344 80.49293523048496
345 78.20776691057867
346 94.10009034133616
347 88.7000540921364
348 107.58186225089993
349 96.63144852015186
350 67.64024726519487
351 77.71620661557834
352 110.07124197351548
353 78.59551031044072
354 71.63014045072123
355 81.65221181849405
356 73.2501024280983
357 79.60129334152029
358 75.74962912507802
359 83.9654756978347
360 81.94332159748285
361 77.48709986614213
362 79.07179551986808
363 77.23971270058246
364 80.50795296418671
365 68.47816988511838
366 87.16405653589193
367 72.0881164162216
368 81.52956714121645
369 92.64840471984924
370 72.69920282989638
371 73.41686991298039
372 75.52885248172575
373 79.61052300701706
374 79.44679244160561
375 74.67802767280071
376 82.5118434216052
377 76.51709706019629
378 76.46877059524384
379 70.96999576121762
380 72.65580909493492
381 76.92622437600723
382 88.69066376750925
383 91.58762061438664
384 103.3281564650832
385 55.20533033913876
386 70.29447465131105
387 71.91801956600827
388 62.995818835084556
389 78.16959989915354
390 71.39070980833998
391 71.41421930501728
392 90.04751862107469
393 69.59159794155892
394 64.44724398890969
395 98.69554311376122
396 56.976133950757976
397 81.08636125471035
398 66.45948640153742
399 87.81147172149349
400 69.55642224255249
401 93.20806872307539
402 58.41054465416686
403 85.24693753448732
404 69.93627266157696
405 86.27214154674603
406 82.18106856857335
407 86.88449018343456
408 91.07003477761641
409 84.60096813995524
410 53.791383415108065
411 55.611119681347574
412 88.24110297607506
413 72.16521390016835
414 81.20971291176858
415 47.28880283261497
416 80.26305202156351
417 67.16937811101093
418 76.11545345849284
419 90.48013809683106
420 87.4207345612006
421 69.35641728899486
422 83.39564733902297
423 62.15258148868641
424 91.11511939822502
425 64.60786065715418
426 80.09200588512907
427 87.18658160163785
428 61.27972322884107
429 64.21533424202264
430 72.2514031663273
431 85.11196484578757
432 76.1120471680973
433 67.31894868258209
434 95.48496914978648
435 67.4364432572244
436 78.67721117657177
437 64.54857392954956
438 81.60506290021011
439 70.52788850988941
440 55.420879877375356
441 77.46405924406761
442 78.8127571841349
443 89.61019134517922
444 76.55784220656899
445 75.04603900747122
446 70.64338906697054
447 83.04076398181823
448 57.77982799182092
449 75.486303579188
450 65.6388426903788
451 103.09595167341811
452 90.46488482053768
453 70.81182731932645
454 73.43941557744486
455 88.25735046256861
456 89.45492663182675
457 73.49571398128087
458 74.96245471469021
459 62.95113308539068
460 84.54613009508296
461 67.98978968901794
462 76.0333149316454
463 70.61200498360029
464 80.12277551408425
465 70.70915459363124
466 87.72785419747272
467 84.42333408446078
468 72.66347754619811
469 97.49578679967009
470 88.558913427226
471 83.75263136356402
472 72.67136036202771
473 86.8874149645543
474 85.10195020735391
475 71.8055827547339
476 78.63107872675718
477 83.32624184514223
478 59.836199877164
479 74.98088447165671
480 80.92852017816784
481 78.08866863774772
482 93.08983244420902
483 62.57869172816354
484 82.0031354857187
485 76.05549649322151
486 75.39192978980309
487 98.55454708283702
488 77.20603500944918
489 69.98564293256743
490 62.168063497878826
491 78.17487200034374
492 80.12350020467623
493 74.42230288401724
494 83.76625641982419
495 76.55366584104851
496 77.63069596693873
497 75.62844316281495
498 70.92990285680006
499 71.5581540198705
500 68.63293418555723
501 67.06647768197581
502 64.88407578951448
503 69.29478051513823
504 91.03657174717173
505 70.62093897765448
506 69.18160211223903
507 63.25632175250548
508 83.42807828846117
509 73.60833340847265
510 106.92012557277556
511 83.72703914781651
512 78.87333236674148
513 87.06616562179302
514 69.0878166515859
515 57.96080526552196
516 70.13220911780805
517 68.56987596765816
518 83.45675519512807
519 69.85533568618786
520 84.5829529689194
521 81.53314269009347
522 78.43878196067728
523 86.00973384789506
524 86.0267503439705
525 98.16799323463532
526 82.03968490359166
527 86.2964757594918
528 86.90665924406932
529 68.9960152532422
530 88.86577593445642
531 93.88603255427971
532 64.26749667771465
533 61.17153065910542
534 106.25105285513824
535 87.73373335918652
536 53.25996976029758
537 90.35817864176046
538 90.07014126453196
539 71.3787497496286
540 88.06886935004376
541 66.30702218449109
542 61.036927103605045
543 92.46259513851429
544 60.46781668403593
545 88.17882662877744
546 82.04466063914768
547 86.22611686002072
548 72.92868309325512
549 62.747549941795306
550 69.48493758403004
551 60.03559864548175
552 80.28578865997139
553 64.14108554142967
554 75.12671346120464
555 80.32363765672301
556 59.11976049379069
557 84.10568083192257
558 96.44622326124986
559 90.17468443045348
560 65.02996989727714
561 77.19835888411711
562 82.8950557771713
563 73.11968621655117
564 70.54845543718754
565 79.41639891600795
566 89.8479484173484
567 113.9046835950876
568 72.96493838510615
569 62.39009950769934
570 80.16920835120436
571 79.4810215735679
572 96.44608791412917
573 75.31593030220664
574 67.05344451954468
575 87.17629752683531
576 65.74233412446371
577 66.5734897442007
578 97.51563384315298
579 73.26987274298342
580 93.0788842625783
581 78.23950524626105
582 85.9416355751566
583 73.7705620473682
584 83.42575135678364
585 67.75552076759865
586 72.25790675197547
587 89.48545116324257
588 91.40079103097035
589 115.7391905989596
590 66.02710914391054
591 108.22819315495379
592 63.41893070250073
593 82.83802124029873
594 72.19809621985574
595 82.52556722777818
596 84.2832817506189
597 84.518645004831
598 98.3599900693712
599 76.53378920659478
600 59.92514450587233
601 95.13096704541024
602 66.06436957008127
603 98.4570384724312
604 86.95748062519323
605 65.52947267841566
606 102.19528601362552
607 72.93642830813548
608 81.17200379146401
609 70.09155085399121
610 85.76906289241661
611 83.51398572851132
612 71.01946227577727
613 74.52374754603049
614 80.62877369195849
615 58.79927114753812
616 93.24038141181043
617 68.34281246509047
618 92.19661444906333
619 85.3879226897718
620 79.14177404878441
621 75.06923195282464
622 59.49678990292622
623 88.24083123773146
624 77.36044999239938
625 96.92384890317986
626 83.0277134254061
627 63.74198499116761
628 61.95083003099946
629 79.9294580364074
630 80.22128927082434
631 79.48241820584627
632 74.45525481004896
633 60.50976859488768
634 89.28042927694496
635 75.23539731810823
636 80.30893826802945
637 78.7761151172538
638 64.8342324689911
639 80.86124329448343
640 76.27041048587088
641 82.76513681329135
642 81.33838312005368
643 87.05379513870868
644 47.70901982406357
645 75.27397914880625
646 76.33340190297967
647 61.741305630971404
648 87.23360875618775
649 63.12293069164345
650 56.22215338782308
651 61.08108451846768
652 57.10246537666636
653 75.62850744002024
654 66.43544827991343
655 55.88043662587388
656 82.33570755635942
657 77.95478693592672
658 74.98454070210539
659 58.78513780858562
660 89.66767362704763
661 102.92542094055314
662 74.00503054606963
663 67.89219618874304
664 74.02137544633649
665 86.54357247682867
666 82.2115492613319
667 83.79802215659227
668 70.35607367373484
669 69.94992300291409
670 106.4389057917213
671 72.76132530725266
672 83.99690349960566
673 73.531018115301
674 78.6700427397643
675 90.52820864649361
676 95.2786207729105
677 76.5971032689894
678 77.9668053662639
679 96.97988344721739
680 70.29752663141656
681 92.44694209733606
682 99.51538635840978
683 97.4298561598099
684 66.23381076037518
685 89.91937398297
686 84.97793695675982
687 86.85688216168451
688 78.89417080678746
689 82.68239078854494
690 81.23159281059452
691 84.83398591618992
692 71.58513707669805
693 81.32247920260068
694 61.89437389093511
695 77.51275860347278
696 70.77658173585924
697 82.05920510691195
698 76.56791509398388
699 106.48194441387585
700 65.96352167246678
701 77.62896755266674
702 68.60510416624004
703 81.90141721635541
704 45.247297134770086
705 76.14060192805299
706 92.94087898346739
707 72.23172827299177
708 68.66749245441122
709 103.6250539202155
710 75.16353394529828
711 71.95297677772061
712 69.72028381143193
713 97.24953870816768
714 88.96638542844981
715 67.1850979446724
716 78.20457184821122
717 71.89967091796449
718 82.07767590276208
719 69.54227664437698
720 72.23386139656361
721 81.69175514315367
722 107.82513103371117
723 56.90493603504234
724 55.94733077151586
725 73.5035233166567
726 57.79693062445459
727 74.77884239957014
728 88.09048787076453
729 73.49542736955819
730 77.20304533552836
731 96.83967138738664
732 71.90049334262737
733 79.67110382789487
734 74.39788215817978
735 61.33376353607793
736 97.47456521101576
737 87.09978820984072
738 83.42596589974177
739 97.80071517245854
740 71.97676097869143
741 86.43995373263577
742 59.54139397854861
743 72.98642593489281
744 59.17948451484233
745 69.56749430047425
746 64.39412552537675
747 83.17167702141549
748 65.87303088532175
749 62.931844783384385
750 78.83115411209778
751 85.39226788640569
752 95.9695923954809
753 64.91596811898513
754 84.36479495591374
755 80.55250113977083
756 70.40174811214754
757 80.03342849144946
758 73.37461977397858
759 76.78360693181554
760 75.0519338078422
761 76.51014867360465
762 88.28546142099923
763 78.2425913065388
764 79.8958551539137
765 76.69078311742025
766 58.81979650142875
767 60.416915773576186
768 97.66372684903997
769 64.65987032363603
770 82.65844378528213
771 89.96085554948537
772 94.91703154344812
773 83.39887971129644
774 63.73830466324831
775 84.13776645552093
776 53.51647586671819
777 80.731104995912
778 60.15056098890829
779 90.99752236511779
780 79.3117908382492
781 71.4671201912223
782 74.43684262910415
783 89.67210163977138
784 72.4318555116553
785 75.47195408719521
786 83.68316607464294
787 77.86235812936768
788 96.14180035985471
789 87.25724030783819
790 67.9235102189105
791 75.72059437000222
792 96.90968806834653
793 70.54002320582099
794 75.18652868575883
795 80.38951031599301
796 102.42833763397549
797 77.54962089367837
798 78.49313584878692
799 78.6943075216009
800 70.93004550056646
801 95.78187007017577
802 51.6174783795506
803 76.19526765030129
804 73.73929182493136
805 86.696492149647
806 86.37289517352717
807 55.12432290942212
808 84.20556424303984
809 76.60697715084287
810 76.24751251963414
811 68.10784919389171
812 88.2709752457157
813 86.39999918093498
814 70.20580712280577
815 73.0490989752038
816 70.42569521867358
817 77.32364271949743
818 74.88425635293531
819 79.31516044488711
820 63.739375275114476
821 62.28053029946455
822 78.61033134432846
823 65.8072580524141
824 66.29878470074217
825 84.92253194634526
826 79.48846371971642
827 92.40510740086582
828 90.21996948896866
829 69.79091610070057
830 67.15465706388261
831 93.9431983026991
832 68.91326840059959
833 69.59376542092522
834 62.25653255045245
835 61.01557849684789
836 63.55682814568583
837 73.34861157915965
838 52.19141088482464
839 86.3292695425308
840 61.21581808684454
841 74.55710959505805
842 76.45920962710873
843 58.305371642503765
844 78.65530393263853
845 76.54390141668807
846 95.837206085857
847 87.56120603030347
848 67.93484628078674
849 77.46735914849542
850 78.87896714198061
851 85.33936832691161
852 67.86639444902548
853 84.50496447451063
854 65.56116237699993
855 78.76243145452001
856 66.02015092467934
857 56.885667039091345
858 71.46486696754489
859 98.17862588404222
860 93.45896959589814
861 58.24377900924286
862 79.42975505785026
863 84.05036709677103
864 84.77827887877983
865 74.52685899842336
866 81.48840213201224
867 92.7697330468465
868 100.30184648229401
869 73.2291900560202
870 82.8286122554446
871 85.94270195898213
872 76.4884586053413
873 61.048341381878444
874 73.87657029470812
875 102.88629896770371
876 98.11474069518334
877 89.79382444290117
878 70.6514398793704
879 71.03665355807067
880 68.4201836367878
881 52.27055219824683
882 89.49570679275264
883 57.85631545402694
884 84.78549187873932
885 62.174380267681535
886 77.22153872442783
887 59.12553936447471
888 86.28907695094703
889 93.24933200267705
890 84.03179233418838
891 88.48884683115786
892 85.92611284982807
893 77.81352118112405
894 72.74981413690206
895 83.47265937808368
896 84.26701854889548
897 44.91319061624555
898 66.79704962029825
899 53.648233274864154
900 100.56961057221008
901 84.48263438947302
902 80.94800428886347
903 71.46204196534967
904 88.40951205135774
905 93.83873431944728
906 84.21630237637154
907 81.59579940735026
908 75.61983669432382
909 77.10370208889996
910 81.56606164469993
911 84.85357062027252
912 61.38850419261441
913 79.57884906022956
914 62.97912530818252
915 68.19980584540802
916 66.01475934503856
917 75.63422206996603
918 64.58667896534904
919 88.33620133493216
920 83.63652721854146
921 74.16465397874369
922 61.51872191200037
923 75.57522957395196
924 89.82403820733597
925 80.75295253498537
926 47.381251766855556
927 71.62308727177852
928 95.95431221912638
929 61.111250401434994
930 72.4106142078185
931 90.29498420744078
932 102.5328477312365
933 87.46120897801556
934 88.64707851129361
935 81.10929042670045
936 77.26716984823543
937 96.92153014168619
938 74.1656842164802
939 71.84413191882342
940 93.44224652576813
941 53.09369136009527
942 100.2997198167263
943 68.63384945892278
944 65.26519253257177
945 67.20779120976482
946 78.4655913568421
947 74.00854414679159
948 62.973565806905434
949 87.68171061338192
950 65.59481719357524
951 81.25003052732899
952 110.35880634722237
953 60.16278288671195
954 84.69052584350906
955 57.91819029614633
956 78.17195129482236
957 82.64121400903255
958 93.99203623036377
959 71.08202946242562
960 83.05688683332235
961 74.49818983596138
962 67.84090415199945
963 51.576188871678255
964 70.30602742740756
965 79.32846679385464
966 79.23107806016985
967 84.15278588160159
968 89.56864411098343
969 79.30755587699413
970 64.71415100457618
971 77.68092322043468
972 88.06634230376707
973 75.3416875157561
974 72.83857041399942
975 79.84092674717171
976 92.88152547573372
977 90.0505150181879
978 64.79284738332233
979 68.46240623043293
980 57.58481685042769
981 69.67260576719649
982 56.88201353593929
983 97.64319114229217
984 73.14604840197306
985 83.95150579576446
986 79.68737518318774
987 48.357893188265635
988 58.884710630264685
989 68.28792001727365
990 68.94809808429758
991 85.85801441527218
992 72.245793522749
993 64.55518619422132
994 89.43812668559418
995 93.72147833608919
996 87.26911820754425
997 85.27693800093046
998 89.97573286938368
999 58.34732856904973
1000 85.16762088878916
1001 91.91440840459794
1002 77.38314040838848
1003 85.68207242435307
1004 70.74781481956384
1005 98.19618984165393
1006 65.01122906447708
1007 77.72712235483591
1008 76.11865425081356
1009 56.98804899405561
1010 80.4050319893848
1011 69.99792958790663
1012 81.26243429948613
1013 86.0551312107447
1014 85.13256485560477
1015 71.40414407358135
1016 87.80495482544616
1017 91.42662563522407
1018 57.425306217536914
1019 83.08285508262121
1020 61.549921515215175
1021 77.66893391193949
1022 84.41427071229913
1023 58.60325106507622
1024 67.35392891142709
1025 84.16334383256648
1026 84.97469784557157
1027 85.4455448817638
1028 70.3158152956251
1029 67.99414126452201
1030 80.24110069754909
1031 81.92344435276485
1032 76.60669431505035
1033 77.37610466692469
1034 85.17170037382253
1035 93.22924968673617
1036 77.68215073402006
1037 80.44191922512483
1038 83.05516066010401
1039 56.927278086582746
1040 91.49221274306173
1041 84.47448234554133
1042 99.89170767038632
1043 77.0543998313293
1044 63.463971705562194
1045 71.44800515422969
1046 92.34633588600937
1047 90.38306561622605
1048 82.88310107253206
1049 57.29859366205619
1050 87.10017311280698
1051 76.71879182462835
1052 69.3055072720885
1053 65.93284547407461
1054 59.72543839742301
1055 103.08813787978767
1056 89.86744727733908
1057 89.33806571039754
1058 99.51479751628337
1059 87.2603945919787
1060 98.85547385154345
1061 77.09589768354562
1062 90.89387886439509
1063 89.78336685004321
1064 76.25238675732528
1065 72.28428854681346
1066 65.79457018478325
1067 80.30741030644742
1068 83.66467451425697
1069 86.73205975160151
1070 78.67151688294423
1071 93.53165081442985
1072 79.30060946117858
1073 57.178917031385595
1074 84.06707193920211
1075 80.11436496351517
1076 92.1210367200899
1077 97.04049591296742
1078 109.0006013493936
1079 93.21058252250751
1080 65.01000663964133
1081 53.13327541107437
1082 78.36802590076181
1083 68.78693517661819
1084 93.3359190745815
1085 94.63620272335402
1086 67.24990639311775
1087 96.13036457463508
1088 88.74581103127748
1089 89.13585735285172
1090 51.30598508863958
1091 89.19868556916485
1092 67.8216664730583
1093 71.47844847946904
1094 92.23374889941225
1095 92.86386701045305
1096 82.73995158940255
1097 72.69188710749037
1098 76.69988598254999
1099 77.38588986633161
1100 71.84186025115301
1101 87.57641556227573
1102 74.95029436540426
1103 86.2961293741504
1104 81.06189952067977
1105 93.46083992324546
1106 71.46280152132701
1107 77.0326579006282
1108 110.98392588838864
1109 70.65086354136616
1110 72.29091772233924
1111 61.90559815036463
1112 76.36656015238026
1113 79.34544182303587
1114 90.23680401478319
1115 86.03680324497728
1116 81.2820002794688
1117 96.16778507279774
1118 94.56949056140122
1119 91.0680374960218
1120 82.3771816858947
1121 81.03150003364411
1122 88.76727166397518
1123 73.22196152051032
1124 84.77820683723313
1125 99.24534041225778
1126 73.58694156014651
1127 86.58480801091822
1128 66.97478901867122
1129 83.68670334496713
1130 63.84685043987462
1131 84.0265693411172
1132 74.52614199669787
1133 82.58950341456874
1134 95.28632085184293
1135 66.46140248124755
1136 83.0545918344463
1137 96.31902881679166
1138 60.914826480601455
1139 84.43900142459589
1140 88.75749552791393
1141 72.24011004035594
1142 87.61140473190001
1143 93.32276948535124
1144 76.49214852606904
1145 89.86018524547757
1146 73.5067047963336
1147 91.76398413571123
1148 78.29104714766387
1149 68.46619348460285
1150 77.61583365823162
1151 58.709180087960235
1152 84.22245128415692
1153 79.15831644331065
1154 73.77622338652712
1155 73.94553148045951
1156 54.071675754122666
1157 76.31246010418243
1158 59.481083672443404
1159 99.50415207088702
1160 85.08194712285463
1161 67.4110076117841
1162 72.330955145143
1163 76.3803053729334
1164 83.19853623837243
1165 92.1929791130231
1166 74.30066403066492
1167 74.13277303821415
1168 73.71298157087895
1169 83.1881802929615
1170 83.31356659812606
1171 59.87506353441357
1172 81.92556829179277
1173 86.94121384845386
1174 88.31903488785376
1175 75.4074141918466
1176 89.18665526637076
1177 90.46204794937204
1178 87.68813350575522
1179 66.23012462994689
1180 66.71763213261968
1181 91.69815419118525
1182 65.68026569381216
1183 96.63459638066357
1184 92.39821310140387
1185 80.03271493580351
1186 64.7503439592891
1187 72.06672145541974
1188 82.4078500600316
1189 73.0458908188074
1190 76.22041263590897
1191 78.5880388419488
1192 93.73453281991883
1193 72.19323817929887
1194 63.72246688338284
1195 85.71300193860401
1196 93.13728483106077
1197 67.94234153245996
1198 77.45038928144379
1199 86.12420315597717
1200 87.31581992121608
1201 70.44249047897077
1202 90.30189732430252
1203 72.7715563892938
1204 86.053548657516
1205 68.86545174821987
1206 79.53376247853457
1207 86.74322123219102
1208 64.14561804538853
1209 71.93085740821687
1210 76.25945225720403
1211 56.901459932729075
1212 117.38583997026198
1213 74.68587963227868
1214 102.68114007204355
1215 60.73845079824789
1216 106.81381072267997
1217 82.85275393812356
1218 89.1075912362829
1219 92.29758674096334
1220 80.61409173287088
1221 71.16975960158888
1222 49.25356962790067
1223 92.65047708311633
1224 88.94376139810674
1225 82.2812932537494
1226 92.17286007281344
1227 83.48733412771142
1228 83.17173800531556
1229 82.82781050049616
1230 62.31788411518538
1231 79.27683142629627
1232 87.0416245154922
1233 81.7521600707829
1234 69.83621816992888
1235 72.64534840158247
1236 100.2682317249686
1237 100.2254686919991
1238 81.2025832271016
1239 57.538146518960495
1240 83.00229298194651
1241 71.79019250208518
1242 69.36116184632061
1243 74.6901008060387
1244 98.84851943024171
1245 103.29794692703976
1246 82.3709024952331
1247 89.52294702500258
1248 87.43701464061226
1249 93.36220675213511
