0 87.10146623013767
1 67.78444760050265
2 70.41671336767297
3 83.93440838790376
4 82.64749293398941
5 72.68220365638321
6 85.439394961322
7 77.06009282012714
8 80.04373221563692
9 73.06721668215607
10 80.65098776211286
11 81.27913367456017
12 80.5329165252749
13 80.47093182160172
14 76.28495676320317
15 64.11369603602114
16 69.14346733961614
17 66.78177426929716
18 68.96831758833181
19 78.16060797563198
20 91.42090441353868
21 55.27252149568055
22 76.48136647796734
23 73.60032861007429
24 74.5883463348013
25 71.18622520063747
26 67.11410237492606
27 81.93239259931701
28 72.18947119921177
29 82.67638152357584
30 69.70790855582345
31 89.6384540490232
32 88.38495021971671
33 80.41225295803947
34 77.02262391429267
35 86.43293345042787
36 88.25886090768154
37 69.03017036341289
38 77.85018965731821
39 72.16168671949451
40 73.82658054016792
41 74.73976287190175
42 77.5059775396755
43 81.2944114791862
44 86.30195288954673
45 92.71251533604324
46 78.3512500067513
47 80.10261631172051
48 62.90485494151578
49 67.57378819561923
50 63.87256032538587
51 86.43346562046051
52 83.77970409948695
53 99.94263260894364
54 73.9316874442029
55 86.6382857014485
56 79.11672729405909
57 84.02613380365096
58 75.35318314097782
59 83.36670854050956
60 90.96455231901525
61 76.82789388467135
62 57.37007698222247
63 78.30807869504592
64 91.47389685839677
65 75.90006343176975
66 82.0619575070464
67 68.6847570584812
68 69.34131998753254
69 85.73791343207353
70 73.02543752027924
71 77.13081168053077
72 77.78202361759377
73 73.19273436697213
74 79.14808945495959
75 73.53752903471332
76 78.51029778496563
77 100.49197370544847
78 85.20769446730888
79 70.81127347457488
80 65.90368688218916
81 74.49154378389092
82 75.75255843559724
83 67.3688237585412
84 67.80928760257046
85 72.36936009960489
86 85.66656333290398
87 70.2339868626568
88 69.29998946984057
89 70.2067315730176
90 80.90577974679037
91 82.41599543452564
92 73.85184962468915
93 66.60852815483315
94 81.47446237080477
95 74.43955541199176
96 72.06975365809228
97 69.49395731040379
98 71.2891362624718
99 71.26207606866035
100 86.70090489167738
101 92.92427839129338
102 87.32654134141671
103 82.90085506237344
104 82.58168356153624
105 81.11328752283288
106 91.56331583041784
107 79.51073589116291
108 70.02762245260546
109 86.6643878526838
110 86.64781304846245
111 79.73609270879878
112 82.62378312952796
113 89.70062460376231
114 77.46824676321324
115 68.27351649900497
116 66.76383645189544
117 83.4191556055553
118 75.52773761461151
119 93.62775511910205
120 87.58825353638045
121 74.85737098032686
122 82.98859670070587
123 78.29409328336477
124 88.90616596698472
125 78.45779283545855
126 73.83416653585554
127 68.41813844354085
128 73.95193147583261
129 89.58981503657343
130 66.22116689041016
131 65.10955969197461
132 78.82424034335548
133 76.25318851796473
134 69.36208325681783
135 79.01242770387891
136 77.96696181944007
137 78.21678228896516
138 84.7912078699779
139 60.14041409466233
140 72.60979439449132
141 98.32725180089804
142 84.86593081277401
143 68.02715817237733
144 81.23145470271581
145 79.95829896650521
146 89.32040665689672
147 90.44894200209706
148 84.93322101621092
149 68.38836772508641
150 70.99847049044581
151 85.17070329658307
152 73.15657176132405
153 91.10293560886939
154 87.96939871688235
155 73.96083609057965
156 91.79206818958238
157 102.02037459420458
158 73.56811527521005
159 75.97628102792248
160 81.78981353184152
161 73.86735045454085
162 79.57587480426079
163 68.63645680129221
164 83.70764181933058
165 75.12178291657843
166 77.82539065699414
167 62.02042731755175
168 63.406778316912444
169 76.0483555135437
170 64.88294856811322
171 77.05327522634667
172 74.54367128184187
173 73.84181244843508
174 77.4610010091578
175 82.77142728561282
176 84.46587438919452
177 66.67084553811732
178 75.15871396391017
179 73.46139718266765
180 75.96904557933166
181 81.40155517107118
182 79.43645052779874
183 80.37630895525271
184 65.71825625814222
185 76.59902271192101
186 81.51171157216656
187 99.76667720444304
188 71.01203148883185
189 94.0948233609852
190 82.3778150397525
191 71.48714168894986
192 69.04858430210207
193 75.01362397927096
194 72.12898066379508
195 85.91396379003504
196 67.1385908846275
197 66.0993362098812
198 67.2367196489912
199 73.56258558767118
200 73.52042702115574
201 78.44903661949569
202 93.12474641689222
203 69.7407701914753
204 77.10371835200695
205 77.87264696401503
206 67.15524286852477
207 80.37580730415449
208 100.21297213064567
209 79.3672620694538
210 86.61310291808879
211 76.77205065380404
212 71.9734412918678
213 83.40087383693792
214 96.94813653473123
215 77.76767885933215
216 63.90734596596624
217 85.67293788530624
218 74.62691487826493
219 77.04596177750891
220 62.14532316104642
221 80.1344240712668
222 81.35897464486263
223 93.01462943266236
224 88.96168415085467
225 84.59058788646111
226 76.62066750789675
227 74.30435041631691
228 83.30774017416496
229 87.684335999096
230 74.00493128394773
231 77.40151193588527
232 63.65013226076584
233 85.71386528937528
234 94.25327197561309
235 73.71386628081659
236 87.05858193497158
237 86.4091458432392
238 67.91955498796581
239 93.71034359963348
240 82.04191494250668
241 95.41887861651482
242 78.87649936029199
243 82.91185008522989
244 76.3394310654415
245 82.71299437896609
246 103.37295154232434
247 78.53782526727517
248 77.25146505345151
249 79.23303150588283
250 89.05932880466757
251 86.9195771817021
252 94.17396373618413
253 94.29083398096233
254 80.90583605839723
255 84.58331491537811
256 59.67434770303594
257 78.78834155223643
258 80.19814594796046
259 78.7039694500275
260 63.276627625941614
261 73.5713359574121
262 77.59173051127611
263 69.31503216988624
264 88.86091101609838
265 75.59625281063535
266 65.79764577434437
267 77.46783001899338
268 81.44421489440528
269 70.48899987287176
270 76.46587239995785
271 76.05239304893745
272 92.6669538742005
273 85.88033753774012
274 85.349983142186
275 89.42525660375884
276 84.60134957896226
277 69.94058046260496
278 77.75920833239788
279 74.44331109320618
280 72.55599042260427
281 91.42845953782215
282 86.74522704970818
283 80.1014381840147
284 76.46395285553591
285 77.72447302186885
286 65.14965050139838
287 76.51802514667588
288 76.4688418700411
289 72.34743425831175
290 80.62772762892959
291 69.54669392646657
292 92.23098387568957
293 68.3594080875763
294 93.36010166949524
295 86.76428356747978
296 81.80867294004521
297 44.305009716572364
298 84.92698631893613
299 68.32066191571056
300 79.18287731692631
301 73.10235217572452
302 92.8354743844493
303 60.8990635539805
304 91.87243120116236
305 74.71951247259351
306 75.72071634418913
307 79.50474348189677
308 79.9629613742265
309 72.50592098457467
310 64.58395500187756
311 73.70106245380462
312 69.1392366537645
313 80.54162863988314
314 76.07637282103194
315 76.21648625812522
316 72.81808886195151
317 63.32137640285574
318 85.25618165865906
319 54.57045647726711
320 88.34827195558867
321 76.44681901741623
322 77.74183283742595
323 84.80282464647158
324 87.11635140160891
325 81.41119625555434
326 75.5211748751442
327 86.95813799526458
328 81.37057127323098
329 83.07662076013189
330 93.03380186321647
331 79.73972991331173
332 92.03973529011174
333 80.79965420171483
334 80.19093262572645
335 72.2337932881726
336 93.60212699096813
337 83.27037891736744
338 83.0385148804101
339 69.44629362663645
340 90.8800466942447
341 55.511667558322245
342 66.21746877634598
343 85.96163328058664
344 85.87636512684333
345 92.22548650643157
346 81.44858862294659
347 58.679474289091424
348 94.0336496136898
349 88.17162385281291
350 77.88667473142938
351 88.4589703532902
352 84.21967181042001
353 78.48295764016821
354 92.53814638203886
355 83.34604117445782
356 88.97269219607917
357 82.46045086418336
358 68.278932572723
359 72.86683446495604
360 82.06388881969387
361 88.65957995496218
362 78.71098579375413
363 93.52978245144897
364 96.5909517695626
365 93.1427502918108
366 96.4956544109192
367 67.14111200103737
368 88.89387691863746
369 87.6258514451953
370 97.01884347865628
371 96.37660243654285
372 79.25663569706873
373 81.7629197379145
374 62.54861023379434
375 90.97938928246062
376 77.4953582002422
377 75.80534700817111
378 81.51217267401093
379 78.50616283976389
380 87.6510505634434
381 68.09987621559729
382 99.3346053033719
383 88.88008704483366
384 103.27228737409925
385 94.66351929555624
386 82.77295923131504
387 94.4436360469358
388 91.12851797122056
389 81.67862091154285
390 74.93748342463056
391 78.72577117419821
392 86.31268076672795
393 70.62840477050803
394 69.58631954177241
395 71.08398824378881
396 85.76477290084445
397 75.72414412654163
398 84.36087327284795
399 78.30197007679044
400 78.5396730552829
401 66.85455046998102
402 80.70024018916803
403 68.1585880447806
404 84.025398392321
405 78.71108562642748
406 79.9622204422357
407 69.53533404169062
408 91.4500649944865
409 84.97058857337288
410 87.15393266634877
411 66.00926941272074
412 80.91465987534289
413 82.27454472465817
414 80.23114947053372
415 71.93322413704301
416 82.44560818076732
417 89.25795615124993
418 78.6874833610541
419 81.58616284616565
420 94.34814581580648
421 56.47724201891565
422 95.50401609131013
423 80.99071554577458
424 76.49153700168262
425 80.77972610613718
426 79.53634952686137
427 87.60866456476599
428 88.71631232643416
429 76.0110239240368
430 92.2948508785334
431 75.37620459501306
432 100.66312377573587
433 67.43965030054675
434 79.51961831206212
435 78.08526099531166
436 72.29447611940087
437 87.44196519835086
438 101.43242985128363
439 72.4477449108091
440 92.1842434422713
441 72.78730218818232
442 78.19682948086586
443 72.7148534638011
444 73.29926761435676
445 65.70153580417335
446 93.14370640978046
447 68.1571956564549
448 76.86780054265986
449 64.72690984152327
450 84.58582631070068
451 79.97516096228644
452 80.19980735220715
453 73.60351949261202
454 80.88171252385926
455 87.0991388517067
456 77.5363623387049
457 78.14744490223671
458 77.15968669805189
459 65.16736172592593
460 74.9416631692883
461 70.48660452515192
462 86.60987188784682
463 71.58265505064476
464 90.447838417241
465 81.47581434938849
466 93.37885530282244
467 64.00283692667674
468 83.04837696520788
469 87.11547254400797
470 63.23850725565906
471 75.69357448847256
472 70.42323695305868
473 76.80502756954075
474 65.88894070802998
475 75.24574466849151
476 76.3218296695155
477 76.53943264870854
478 84.18676597791037
479 88.89588242090359
480 81.40071395632843
481 74.4293711676825
482 86.01426822100669
483 94.93716714992762
484 83.65430370437521
485 92.82537480468483
486 65.54807898218077
487 74.48068866554426
488 84.89009200281863
489 76.45465219456587
490 75.54981174792049
491 87.67581436867673
492 62.811718117765714
493 89.35756116421621
494 86.76980171922631
495 84.2529263531305
496 83.38824439702597
497 79.95320665235631
498 71.72095245956235
499 92.27704033114496
500 95.11629709706307
501 70.55614407020406
502 73.0491864410822
503 85.19700606721813
504 77.5140175251283
505 77.61703388907075
506 65.2056829495876
507 82.55475677383765
508 71.03540138645614
509 83.78681406339328
510 89.73480547675801
511 86.70764075982599
512 81.54167252142655
513 62.50535339234708
514 76.39163221435591
515 83.36017098881265
516 79.29895714121011
517 74.75428409754022
518 81.11874572234576
519 69.27048892045185
520 80.21575595917034
521 70.05303158518363
522 86.98820514889067
523 80.82525866022503
524 83.24110230793804
525 85.03402074940585
526 63.25602264865442
527 81.41917154384167
528 68.91815522940487
529 80.87440446586307
530 87.03799299539932
531 74.79774759576729
532 80.82836680291177
533 97.78405898096949
534 91.86854657429261
535 69.62238373038039
536 75.38218332927694
537 91.19640224849931
538 84.43798371973183
539 78.92181570703413
540 77.66988480032435
541 90.57697198096166
542 76.77693201289611
543 89.28948757210657
544 86.38000638972616
545 95.43966782779424
546 81.99766010239021
547 80.04072959102528
548 83.54877153781223
549 85.61851082857707
550 75.84206357590588
551 79.51865957364598
552 74.58496244894958
553 69.82307719176801
554 85.90519266650531
555 80.8159249526311
556 69.91257717699047
557 82.04989968489296
558 79.35994749265738
559 76.96071210309888
560 74.09877568047195
561 91.36407027678415
562 85.80254508572865
563 80.84562256826666
564 81.90643685426929
565 62.15409033112887
566 78.69107769859602
567 75.08701050075882
568 79.98931482844974
569 82.07776875348095
570 96.61148481549718
571 72.94571991941982
572 71.39911058853478
573 76.57440627104197
574 93.31505427341918
575 89.95021522495507
576 87.36351410283532
577 65.66391611970892
578 77.00917351266332
579 87.06164302276929
580 82.46019780183141
581 88.87755594129625
582 96.19527024480564
583 76.68445448791427
584 79.8838949675692
585 75.21548443782424
586 79.79585052680648
587 94.019285925826
588 77.03371733730988
589 69.53388663321435
590 68.26801332863515
591 66.70512385935533
592 72.22846920623222
593 87.13108824678028
594 86.0088680619339
595 89.90648938285636
596 60.14946858129429
597 87.5191858210348
598 95.16962902867668
599 78.75404101486828
600 99.43708462311442
601 86.2151790889627
602 63.02340485610809
603 72.31738963184087
604 90.87133452189758
605 81.64597828921465
606 67.28683705950321
607 67.39662734519237
608 86.62095227902711
609 79.79571929961413
610 78.53153898938304
611 74.37309913218512
612 83.32333925894255
613 84.23221987340436
614 83.13937671499926
615 100.23720623334546
616 96.24255885508889
617 81.25376437269031
618 93.3081544447692
619 91.15642408036139
620 83.48377443054831
621 81.46513260387725
622 76.8642546270188
623 78.70146835427477
624 80.618223798378
625 78.88253336567303
626 84.0167313898552
627 75.83393178790416
628 84.17877312566337
629 76.32655441656337
630 79.84373832070257
631 89.2422464728742
632 75.89173550842483
633 73.93969884391484
634 73.7723270662222
635 91.84398507031499
636 69.87989931651673
637 67.86604921624831
638 80.49005127482745
639 79.07559650771265
640 84.26085037237664
641 81.04476779970678
642 74.07279265298531
643 86.56597087843926
644 86.918380333425
645 78.83055116721928
646 72.86146283314785
647 63.46636999772235
648 77.34073339205554
649 78.18679625524527
650 86.89245720495965
651 85.32328937963966
652 79.82804882703343
653 81.55076067012712
654 70.16093221716244
655 69.18283290712456
656 87.96892474597834
657 86.42434486513116
658 90.00869393191955
659 96.00148624236762
660 79.12927444985763
661 63.86965130611624
662 102.3206164096571
663 74.63725083282652
664 85.70357734433301
665 72.88611076654969
666 65.64393736840549
667 67.2730948112988
668 74.52613193547309
669 79.96583729403231
670 73.08604605637075
671 90.41361787570659
672 80.40594801286318
673 79.31791663951024
674 87.97462980102641
675 84.01973886376034
676 77.455231828832
677 87.95862803342631
678 80.68681623068194
679 97.0896772967854
680 78.78343405969342
681 80.09949949036026
682 80.67329965660404
683 78.76599342451877
684 83.05167830816171
685 74.34412380849183
686 84.93854285724065
687 76.82121223295776
688 65.88205550628264
689 81.29597113580492
690 74.63998024495864
691 69.20341802218151
692 89.79413437775781
693 94.64074818394108
694 64.8505536732596
695 73.60026835684064
696 75.43034635602906
697 68.41904715582659
698 77.051258497224
699 85.2187994890238
700 74.92610744209266
701 84.15338326777494
702 74.46632566828909
703 78.51141972508697
704 72.34592666023076
705 80.2621751215184
706 77.52835667805812
707 81.8460884153278
708 57.708071166316
709 87.49303426516983
710 69.2312347559397
711 79.22263406441797
712 81.57026683261569
713 74.08658616330112
714 85.79381516685335
715 62.65239801618241
716 74.60647557050858
717 94.87027602719293
718 67.18097548014856
719 66.38897244587852
720 68.30433599940143
721 78.53683597667576
722 72.11163567251506
723 56.07091795215858
724 89.1145767603553
725 73.58830512016023
726 86.42758161018486
727 75.42258768878064
728 80.11141052306897
729 87.24053303123922
730 72.42377802242004
731 62.129694391154246
732 75.93873101553127
733 79.38589513659036
734 63.62873704590422
735 91.1907247728671
736 80.96412191171578
737 78.06011336382034
738 82.95554715623398
739 66.51671135782344
740 64.03994978316011
741 80.12886393356695
742 78.54366626535578
743 76.56307990414642
744 75.51565605578905
745 82.0655339302249
746 62.755447747816305
747 87.48224927364609
748 78.8540792339157
749 82.15004601899663
