0 87.46059304921559
1 67.00803042776619
2 81.16282598639411
3 99.41891318789466
4 95.1395764002555
5 78.62506504527605
6 99.63520052288983
7 69.28996702638273
8 70.08833022197501
9 89.40978109315381
10 96.55447763304026
11 84.08075719636243
12 85.976470519201
13 82.33314334517009
14 75.29956940750104
15 80.35012402258847
16 84.40695829951775
17 124.63604248799678
18 98.60820955152968
19 83.22728329861201
20 95.42447024527152
21 109.21995175639208
22 107.60335796993542
23 98.5388814978593
24 113.94149026534717
25 86.80773528929254
26 83.96262388744475
27 93.21914499611302
28 80.22379463783656
29 103.68995646151878
30 87.1543407478107
31 87.3633407595679
32 88.29189007909744
33 91.27373913663558
34 80.16199155348629
35 98.31498902339186
36 91.53914958647835
37 86.55863682527374
38 102.06066322388484
39 95.61260637463903
40 103.2939273963035
41 82.36660524788996
42 64.80726739687076
43 79.00029224835319
44 84.08749585455465
45 79.75661133931382
46 79.05137783567395
47 92.71049800805962
48 79.80656724726212
49 73.14950765724784
50 82.5986233513973
51 90.20349074897513
52 117.8635829281971
53 79.04749095163724
54 73.32420244811082
55 93.78297016967393
56 92.76384373242851
57 96.21252087971862
58 92.69744793616782
59 81.65853736972224
60 94.87149047728529
61 100.32384787317328
62 93.32250044642728
63 81.72485998886484
64 90.67496947908639
65 108.38933623920808
66 85.75404944789081
67 93.40410912147621
68 94.1639477615814
69 85.54523611973165
70 80.99230858866675
71 101.90606874630566
72 91.75996026711898
73 100.15793782309969
74 83.95921105957561
75 83.46593149644134
76 100.40348429384943
77 72.70057864744389
78 94.54892434252206
79 115.82682709655457
80 104.86908381541198
81 80.18653087504711
82 67.42188977169998
83 84.10545234683087
84 66.01297136024503
85 76.28031359923523
86 90.97571692183381
87 95.89707701974976
88 61.61068474968435
89 75.59233080129337
90 61.16061838285464
91 81.90353701723816
92 87.45472877426542
93 100.65897064870573
94 87.0961984461439
95 95.22705155999131
96 79.30425143116423
97 94.41217327058271
98 88.43237980442467
99 86.06887927447657
100 72.72242139442308
101 82.97408560542432
102 78.19306263983009
103 103.49510811659577
104 92.89948015955368
105 104.5883056635368
106 100.06654263868698
107 65.95938135553186
108 87.2869389723995
109 91.38263476879186
110 93.56261373814968
111 69.38133590020412
112 75.35763195629163
113 92.92612210765148
114 86.90121652224083
115 86.7404817766894
116 71.02054733564857
117 86.29763351407078
118 94.66790113933206
119 75.61857125212063
120 82.71463516131644
121 79.88586229526571
122 78.67331026470939
123 97.65128275094607
124 87.80509279161471
125 88.98664441594336
126 72.77072060550574
127 80.46884999603127
128 73.68036788550246
129 82.95124544360581
130 90.93852218840657
131 82.77504415425905
132 84.04728269866382
133 76.4348525845298
134 98.19583420727896
135 98.37509070451983
136 69.20499018944079
137 87.02670135435633
138 91.21486737477369
139 78.2083702037071
140 81.9570012317081
141 75.58122677534577
142 93.29556747429696
143 87.13946019172937
144 85.02586011369704
145 94.50143181537769
146 91.90878168916755
147 84.7447006258986
148 60.21347709590202
149 91.55076741445181
150 83.71842604426655
151 109.69034642302667
152 93.70812641267061
153 74.27877171850304
154 96.64343395512324
155 72.96580632955667
156 84.86010117054548
157 95.2546409798238
158 78.73181267353173
159 74.83575572707764
160 94.29662676775139
161 117.37539562170878
162 112.05436859063408
163 75.15609459339422
164 104.69132509608613
165 92.20540880663083
166 105.8298168042066
167 86.52902423628392
168 96.31443600399179
169 81.09434363390233
170 91.66217617267888
171 95.58024815082466
172 99.92422383344352
173 83.995734966873
174 89.9560582206715
175 72.70508734380154
176 89.33624321345191
177 101.6150551518134
178 102.2657845456538
179 74.99771418260408
180 90.48741519217437
181 77.71157905594782
182 96.37998253698962
183 89.51478864831583
184 70.55502235994089
185 83.1071530124824
186 99.51709135370525
187 96.88768447219377
188 81.74832994524449
189 80.39983242793264
190 79.89703446117046
191 94.37609784901642
192 88.79208405796535
193 90.52010710291917
194 81.18555202414983
195 104.64463273982358
196 88.34243183590432
197 78.42182501752606
198 63.94100041569582
199 71.88740041776825
200 104.45150410842963
201 108.17911163082346
202 80.27947722987095
203 85.2587164095385
204 109.31027833307836
205 91.31826202455458
206 89.85148730288635
207 86.75394977351756
208 80.2545825044114
209 77.0945691167628
210 70.67099784814253
211 89.81754111672093
212 96.59332144325421
213 94.53355695275928
214 60.05082958358772
215 77.9227196732911
216 86.66401987691401
217 84.4377786438849
218 84.50158151850718
219 92.64134790613207
220 94.90536572904908
221 80.5609712799263
222 74.55339324554974
223 81.14973007526616
224 91.42610018875611
225 93.49374377207562
226 99.46577554345919
227 89.70772966820688
228 89.13611304668149
229 99.92997368409836
230 75.66688718181898
231 116.64691000874235
232 82.37319133364039
233 84.70083454823319
234 107.2219340189066
235 89.59487430831274
236 74.73570950949647
237 64.65130968840631
238 88.41943597768609
239 89.18226717297875
240 83.26086063638914
241 97.24579573742506
242 89.14825490912473
243 77.2795000814045
244 95.73386123293506
245 64.74032725405759
246 85.26146010559923
247 86.79251585201474
248 99.59429777364704
249 107.14871979576118
250 94.50266844285885
251 73.92385714383771
252 79.81189913669392
253 88.29378191654705
254 92.17148213491105
255 104.87504032708141
256 99.18560085668905
257 83.16030438483887
258 108.03566333113444
259 69.08030834207936
260 87.60565310729685
261 90.23862369487551
262 87.45575280552161
263 99.70895371851876
264 85.92900908864321
265 82.01846956159643
266 81.16106601578437
267 95.07961443125092
268 86.143097159246
269 90.49693892099957
270 109.43519517764226
271 84.16791800463355
272 99.80864764503394
273 88.8510474883156
274 92.45842130721682
275 81.87129524880648
276 104.13880272315312
277 65.2700750133205
278 106.40540181674787
279 70.39052213126114
280 98.57083242164242
281 76.34035495695089
282 75.54074536972293
283 66.04364620412646
284 66.74296520123538
285 107.05753772256898
286 97.88150751890255
287 99.97304092594278
288 95.69192942847411
289 88.30329304398191
290 90.80527115410756
291 101.6815818769462
292 87.47921971535025
293 77.32090746468715
294 69.6932686480235
295 65.77271905390506
296 91.82398996445659
297 77.23649718613234
298 68.09951879944643
299 76.3773365534439
300 75.58300971035067
301 80.06524375954815
302 85.48398731116362
303 82.59301919294033
304 96.80655736690942
305 108.66854011301805
306 64.01114874109055
307 74.71593542760931
308 98.52404052687358
309 72.2316476038941
310 59.66685293280403
311 61.3013195600707
312 75.16489775772366
313 86.65423480443755
314 93.70273739063666
315 91.82595134904795
316 65.64470081502489
317 101.51230579115182
318 85.52231042071438
319 102.38992692460647
320 102.60576464060793
321 85.0231726023401
322 83.66060952641928
323 83.15453813579515
324 66.18055174964759
325 96.79400397182779
326 103.69404923985596
327 79.54666210619366
328 79.33917036405566
329 84.08117575586466
330 78.35058835142506
331 79.02159024785065
332 99.81990714350593
333 70.4326463935276
334 89.07180535275755
335 102.6941273807295
336 73.7530185103499
337 79.99716488204383
338 93.3832410392872
339 86.47331023484806
340 92.80152342661822
341 75.83611959918203
342 97.08106063388878
343 80.91487282364326
344 65.13638844580747
345 82.48984010476529
346 83.8061170842611
347 56.75307406575064
348 82.59222364132653
349 75.10994670516409
350 81.8822688858211
351 97.53306805150262
352 67.43532875826077
353 116.61589495605038
354 81.24760536483193
355 108.8048183136416
356 80.50416941472135
357 85.64952938984767
358 79.09158539688717
359 107.12260528400022
360 104.51393573505216
361 98.20259694417966
362 62.008392441190416
363 99.81243444532916
364 75.37378609143352
365 68.98073339762634
366 69.65115438121697
367 89.08721692981129
368 84.57929609462734
369 118.27905616781545
370 98.18091471679007
371 71.72196437084314
372 95.34976772852671
373 83.18688613594402
374 82.38254452145789
375 113.97915362979823
376 85.5332328315375
377 88.7296081758037
378 89.11552679554164
379 91.44947834181535
380 87.51808697596958
381 79.2866140334682
382 87.70746365655431
383 101.33408860748237
384 61.821320441816184
385 87.53446057101864
386 87.31623335947653
387 63.254950625203385
388 80.13638902995142
389 97.11371821583857
390 68.67291446818707
391 83.9668993813831
392 89.4745601358648
393 78.17388518924497
394 81.2462211141735
395 90.0411432390948
396 100.94182113550359
397 102.66839351432631
398 87.207258292981
399 90.40283536388431
400 70.31085801473766
401 80.10649917588593
402 98.51738974394551
403 64.9674560474828
404 102.19510500272382
405 76.77173058543656
406 75.07891936362162
407 90.62128158373147
408 80.22574660878361
409 81.55899990311934
410 115.31116474181411
411 71.8827807192828
412 84.15565333640801
413 91.2218621459048
414 84.75913493588853
415 89.32697005477628
416 84.77055683474745
417 78.35682220034089
418 68.18520623693028
419 93.0043837588276
420 71.54655550311436
421 106.50810449633983
422 83.87553754156907
423 71.20862741863674
424 92.46817422011743
425 79.58752319203221
426 83.11837794504682
427 77.460263315452
428 96.09854416403938
429 81.533682937385
430 100.05934419069476
431 75.18999296906301
432 88.41695203837958
433 54.58453928247681
434 95.79500264347257
435 69.35154362913423
436 80.96736036791283
437 88.75837834337946
438 86.30017599004654
439 104.85456292674316
440 88.56100731713123
441 57.6157153256561
442 89.95403617363893
443 94.65025797946068
444 87.31413996852574
445 67.63629075956733
446 93.56005296022119
447 58.372526218720324
448 94.45230018687171
449 86.0518928574046
450 68.48436708381952
451 89.92467398330318
452 98.619075457465
453 71.63066880046595
454 79.70161194695602
455 106.79709415268766
456 92.00076247619464
457 79.89620174135416
458 53.97120094623738
459 95.4581801116354
460 89.0869075658552
461 91.50547288664366
462 100.27617283953562
463 82.845499064178
464 83.16746361248265
465 88.87966412750453
466 86.85084617668188
467 96.9966021212099
468 84.98370671002826
469 94.75466378005088
470 90.41109317387624
471 88.25620671693902
472 78.82798531948278
473 81.66096469620159
474 104.62495468808645
475 96.08350915624608
476 91.16728632312514
477 73.06382528851894
478 83.48188110173137
479 91.92750829913733
480 90.51639456129811
481 93.299350648644
482 59.56095548484257
483 72.8028911196116
484 108.91279357241747
485 96.10046425362846
486 87.95577654577824
487 95.55347390512331
488 83.8812404609738
489 98.6626186129802
490 102.99134871744869
491 84.65266254771824
492 92.77664147990065
493 99.21860045453143
494 92.57609892492023
495 105.67931698316792
496 111.52706020954993
497 79.19652243519911
498 94.5781267783677
499 84.51608293324567
500 94.02655782414476
501 100.51011402786548
502 109.7643610242266
503 116.42859719973548
504 101.54774535534709
505 112.40044383834817
506 83.35499654003553
507 77.9088030180981
508 90.42945077936096
509 93.08536923246388
510 102.37608088856828
511 79.88203711055515
512 94.60608286500866
513 114.9826754985104
514 96.4354228201065
515 71.57341070146715
516 86.55826962964855
517 87.402659575591
518 75.94253978475716
519 99.02902970029679
520 69.00487863298135
521 64.9269215929018
522 66.45060318796536
523 90.81642955222647
524 89.76135856794396
525 90.40591158959174
526 97.46702363376647
527 92.86931818881796
528 91.68371744910951
529 101.4385918930423
530 68.34238685835815
531 76.27026102389156
532 98.87021264043311
533 110.48299486766803
534 78.45881650790709
535 99.24264370664757
536 79.15107029432757
537 95.0123164115149
538 80.77707183005062
539 81.26908496768772
540 88.58051672507094
541 98.80844393041491
542 89.47268409354714
543 103.30797028924165
544 89.84228029477956
545 108.65244628226195
546 85.98268965848254
547 83.76345871982097
548 99.83933333579236
549 87.28230592387202
550 86.13524732738892
551 124.23332194010652
552 77.13144209531991
553 90.66808659105776
554 87.97462829024032
555 91.29901335436072
556 89.3177545728288
557 75.97560095384713
558 90.71884004384957
559 100.01797496093202
560 66.95191588970924
561 90.72468184518456
562 96.06327556135425
563 95.71426644912873
564 78.7692317645448
565 73.0425911568235
566 92.51763838184439
567 85.60358213212629
568 93.52612043835937
569 93.32111740311498
570 94.78231487014568
571 95.04347084939796
572 89.84775456611662
573 96.35094446951379
574 92.3743939070765
575 105.28678912910866
576 81.13515180385149
577 94.15655293050293
578 98.70516696690726
579 99.02934812762494
580 88.91671228522796
581 98.9040663375937
582 97.04227618548106
583 76.63245217522368
584 91.16395627883514
585 104.64237042225851
586 79.7819106706757
587 66.32049308031048
588 97.91228644120096
589 98.6812259326591
590 75.77710602704578
591 87.49981958726018
592 110.66708756158788
593 108.93040656643119
594 80.84493401581804
595 100.33741685744172
596 81.84182820504242
597 80.34587282213525
598 86.69800900729561
599 90.48538114131703
600 84.87526879308066
601 101.83150279877054
602 82.37919472996465
603 103.72709086712406
604 89.52564190593772
605 96.6694616861697
606 99.28121601767822
607 92.15196682386953
608 86.2425488040255
609 79.62126904294794
610 95.42497624035933
611 97.20835580448602
612 86.94920933827294
613 94.20871833347312
614 98.79126619874938
615 114.10756250795248
616 84.52943782202101
617 91.38765190939613
618 73.68436301719468
619 89.02894467766615
620 76.97973745777283
621 76.10279191833425
622 100.78186624586428
623 97.17367910265244
624 73.55965530400672
625 102.28604598181056
626 95.20433461501096
627 92.12926003559839
628 85.13771674536942
629 85.20517769934672
630 81.50817079522547
631 97.74525031433095
632 114.46905811954397
633 66.69820882032346
634 59.64285463394611
635 106.16822997583327
636 74.63297292406473
637 97.03807564181153
638 93.0860820150385
639 88.29493153540517
640 63.04539750812365
641 92.21202406813626
642 80.76089788397944
643 106.78074252902317
644 73.88861760320827
645 111.82677843646975
646 92.7948148073429
647 91.96061606593815
648 74.45161278638244
649 77.24375574807128
650 92.46285551351421
651 90.65464124501071
652 68.42255194289119
653 86.5372335457508
654 96.25842098043695
655 88.70476096493877
656 74.10892536188842
657 84.38925839638382
658 80.15569947809564
659 89.50147476003558
660 84.85732280043727
661 97.84954177953443
662 102.93280965116149
663 70.35432067550578
664 65.5169587962237
665 92.8107649346867
666 113.34248548484673
667 93.52114114736304
668 95.56571668333294
669 71.94522266480043
670 108.61730485578653
671 67.05538374911977
672 116.25591495782561
673 91.3704042790234
674 106.43148036411402
675 101.01214740537856
676 101.83486519553124
677 88.41978430915722
678 106.73988526784126
679 76.17919184229166
680 116.83808971855282
681 74.85629457444183
682 94.96410582783355
683 90.86900572849086
684 94.6832266618516
685 121.13818354900921
686 98.83601281890803
687 89.56081016570593
688 78.48959602291808
689 90.59450916164359
690 102.06046456589415
691 106.4094544748369
692 114.56822802961564
693 58.95875806999301
694 83.71219599167432
695 89.42067256923872
696 94.57709277856968
697 80.69556924947317
698 97.25712089994805
699 81.19818850492003
700 84.54429224017618
701 90.90735941863541
702 70.46832049738543
703 89.83228863772842
704 86.53963995237174
705 65.54135955331905
706 98.24530312168365
707 92.3175541265656
708 86.83711101619198
709 98.20131535005729
710 95.53863419309174
711 75.52706509928808
712 110.350892091993
713 101.21379941754746
714 95.60270155985152
715 55.09365725875369
716 95.17006843107221
717 98.27064197043543
718 97.37551716201364
719 105.42217979132307
720 94.40414694001933
721 84.87263621757604
722 84.85321350939643
723 71.58773404724698
724 76.57723605315576
725 77.41464687274629
726 95.31656874897897
727 78.99332401875397
728 100.11760001558154
729 85.65074671745303
730 73.11519025152002
731 86.13403446002586
732 98.51284914745139
733 93.281259450956
734 91.78925103847928
735 80.77493905040402
736 94.44434489651786
737 86.02374864297076
738 76.13412681683474
739 105.8827564143426
740 81.03886473259936
741 77.88859426706081
742 66.46079042900051
743 95.48021632311745
744 97.85999672451779
745 66.44366438865922
746 102.95638770563777
747 90.72330689552327
748 98.81747219299936
749 111.38079756053341
750 93.26828681442232
751 78.27783138953532
752 89.90445340038148
753 71.37391374722196
754 113.71039508806679
755 104.87463369935487
756 86.09519905551376
757 108.08728065142
758 96.82532675612451
759 92.0974062269409
760 94.22133252246307
761 89.48908343503817
762 99.46304233632594
763 88.31003823193564
764 105.53735844632628
765 85.59697683387128
766 77.33341135496438
767 65.50391073325375
768 84.44208370130693
769 84.65514691488018
770 94.75204737867645
771 115.54852862373448
772 62.52549860856092
773 90.21512491606008
774 88.16522045392023
775 89.72536334157553
776 98.7562450801007
777 114.86553734840194
778 73.17553104104465
779 85.11741682203477
780 84.1455393934666
781 89.75461388362864
782 88.03620494520958
783 110.20038531397526
784 86.22039050901766
785 86.67050932352412
786 109.90729168478236
787 83.11106209650225
788 103.99682948275095
789 73.55267540445517
790 103.59301556437305
791 76.16725764675296
792 96.08618098960481
793 102.35888994156258
794 64.66244435669881
795 82.93411958130216
796 100.20726625648344
797 106.54695167167263
798 105.62779193054605
799 84.64062402758415
800 85.1660958895324
801 95.64151969720916
802 76.713878687255
803 104.95435518564643
804 86.4244553021249
805 96.76811083212205
806 96.18108367181279
807 75.51847371209145
808 90.13822336659692
809 87.1975394741081
810 91.50691866560065
811 69.41500947327292
812 87.91391018760176
813 68.90373982558754
814 80.06143274480216
815 100.99161031133808
816 77.25388600627133
817 97.12057193771352
818 97.15525210471776
819 86.77339641987493
820 107.8238963814358
821 101.78106698431186
822 108.83030121403172
823 77.95000599200965
824 84.61498344571432
825 86.30088968468293
826 93.86558080197732
827 82.25709253925793
828 86.28781723263285
829 87.8658925232327
830 91.65963137251764
831 64.3175133578665
832 74.92710580599433
833 85.46239837463142
834 95.13707584595372
835 92.50323250408955
836 78.39488465205054
837 107.16930793109114
838 62.480688063959896
839 110.46576060315972
840 97.85404568160075
841 108.3794479539293
842 63.45178506474991
843 79.70103999928837
844 78.27162806644633
845 75.21347324594907
846 71.66260027588795
847 83.07055197459024
848 104.91588085264357
849 92.675055596884
850 96.40314491248182
851 77.42332948867275
852 66.07011739828349
853 95.42651780510842
854 83.48327055904674
855 72.92852104445946
856 79.53694885009776
857 90.98925028796718
858 84.21500593853959
859 98.46842146349077
860 78.88876273030883
861 80.57304486202462
862 85.95649363366923
863 98.63304208459543
864 94.97592231367156
865 112.42878101183041
866 76.04920069182526
867 93.58404165412217
868 108.38187345266617
869 72.38907371040203
870 102.81020625535645
871 77.13219860288774
872 91.40489405095033
873 81.7602825572108
874 86.47827934644042
875 92.94512366186466
876 94.0324241230368
877 122.04767764443783
878 90.23871222621688
879 78.5045723936441
880 77.48866855047305
881 83.81881336442883
882 94.47937181638368
883 93.51058788354862
884 101.3055705339325
885 83.01955452345231
886 102.36130590238689
887 71.46390214046629
888 89.8170995593344
889 89.5803226573162
890 76.9542720548648
891 89.04614564964007
892 82.89186791556833
893 93.80166342477021
894 73.78607834006746
895 91.95247855478314
896 90.9930709559218
897 67.88735833450546
898 74.7389669526929
899 78.05987207040768
900 74.45813858253102
901 73.73905940765383
902 89.26735105318335
903 93.23648252641759
904 75.83118032706452
905 92.60341997697175
906 96.95091380473038
907 57.773350926995974
908 57.37388802027389
909 88.30896305572924
910 83.20716622139275
911 76.43230969622718
912 98.32594451022197
913 107.73833396137063
914 69.56592703876733
915 93.2110505747161
916 89.77968946438769
917 63.17291153395723
918 75.96581179191953
919 83.36380887929009
920 106.32829766940782
921 70.6036071045464
922 107.98907565680759
923 92.82920461055869
924 83.78550928401796
925 77.405029275222
926 72.16731472576207
927 76.08521756149456
928 94.45300591366494
929 92.92109427683941
930 67.06616549670527
931 90.51474867695714
932 92.68437770933603
933 88.76281198946921
934 80.61163528420853
935 86.4793791229909
936 107.46568287434025
937 92.63926800168271
938 83.12211023584364
939 73.79104646519131
940 64.45924503135397
941 94.57647081997523
942 81.2574936582603
943 100.73793164365982
944 85.53179675605003
945 96.27423272223915
946 86.3701305204123
947 89.49707068969114
948 101.04917252563337
949 79.56904889777728
950 104.7003638606464
951 87.47360621834753
952 88.71760450590004
953 84.03342709757936
954 91.89655421646641
955 99.21653286541307
956 96.11314166103082
957 98.16262536266898
958 93.48704198405723
959 70.27254747940258
960 88.108401096052
961 77.42101596183328
962 80.03327651061602
963 83.25930688864703
964 98.64514188887368
965 85.77053551868202
966 103.01516225616852
967 82.33704018329148
968 106.26336954494286
969 82.27877821788141
970 99.04641210866605
971 80.88221769218447
972 75.3142007432467
973 90.93691972913682
974 108.10075983485503
975 123.43248718048073
976 90.44658892834106
977 78.47014978879642
978 77.02313058565584
979 112.27612207456713
980 94.03712334006202
981 78.96998156957548
982 88.03848954539009
983 79.4595049947095
984 72.73450012195686
985 83.86323708749326
986 102.56779294120743
987 76.58107456973845
988 88.38346833105646
989 75.72275354772228
990 92.26695080570433
991 68.66267396113308
992 80.35538814039634
993 81.26097310484724
994 84.25046408811534
995 90.64933023799034
996 71.20346255898889
997 91.45137867255814
998 68.87312530623358
999 74.95608415921615
