0 100.76723168154403
1 99.64056240489434
2 115.00968273194061
3 108.75105092645494
4 85.2580479892162
5 97.19489067733336
6 92.67886644877295
7 95.49490338659649
8 101.6688375647863
9 98.68048042633802
10 98.8257240304481
11 104.60613360398496
12 96.86913589610002
13 102.59412546840424
14 91.24039857316193
15 85.52434231444686
16 95.93292861687993
17 94.09727965892309
18 111.19635820678795
19 82.8398109518492
20 93.06514078379487
21 104.90246900926587
22 93.207510273403
23 89.09927880177202
24 98.09868189476492
25 103.98878383616774
26 109.62264239844407
27 98.22036676120979
28 96.50585978992265
29 106.00326900014404
30 97.74760559135645
31 89.43655892017432
32 92.76741845886649
33 90.09651329657424
34 94.6577490978348
35 93.89075422107875
36 74.11095850959865
37 101.45062085646893
38 96.70296587115936
39 86.74628936939732
40 92.44172473229646
41 108.5463245535021
42 93.61521303251897
43 96.4057546422663
44 86.47599635077023
45 96.91069503876288
46 98.88733198687963
47 99.15448029332681
48 89.31533507789473
49 87.84891115593682
50 93.01704434041537
51 94.67577432076195
52 96.59480880665862
53 81.2334876343894
54 104.14341812457123
55 110.76172421736013
56 94.68882487419452
57 91.3345931698284
58 112.25659213464648
59 93.78096980037493
60 84.11831917446203
61 93.59212776971648
62 102.09921457784907
63 98.33006168731505
64 92.39531818121884
65 99.11836345453327
66 96.26231354374026
67 110.39385817859288
68 99.46419086005073
69 109.84252725653128
70 100.19316551506763
71 101.72828482108625
72 93.39366137488659
73 91.35263876767236
74 106.85259347026528
75 103.23522523791094
76 106.54662732204972
77 107.09277778556604
78 101.09255744030199
79 109.26297492117375
80 105.15890045636898
81 94.60358882994504
82 102.92029144309323
83 101.99791139020815
84 93.78389871759077
85 96.65070056716483
86 89.46139319592469
87 105.41163534792318
88 109.8946376618079
89 106.9087444670839
90 95.75517413135046
91 107.99575175663863
92 111.59601100680003
93 98.63056657177535
94 100.28955544872531
95 94.9390043131134
96 99.76852006596357
97 91.0720393519454
98 96.5374674400555
99 92.01281163483142
100 94.61811357535859
101 106.53290168270497
102 110.38320640329263
103 87.90309691810228
104 107.58856922608955
105 129.08584757594244
106 90.47647778769249
107 94.7837221095076
108 101.23343054311829
109 105.57550561101667
110 110.11792551995316
111 102.57206692799544
112 101.1192607092751
113 107.30876292109579
114 88.33148225762639
115 90.70155001014501
116 96.09827870781186
117 107.22321885988154
118 111.13711219516576
119 107.28579181496214
120 117.4171076484904
121 108.12750501991303
122 100.90293939215532
123 104.24104175222311
124 105.25356944251327
125 110.61375711051886
126 80.02692455846291
127 97.4537695422762
128 95.83417009685301
129 104.77060070846203
130 112.57471764754607
131 102.97229549490244
132 94.28065579959612
133 97.10029374085666
134 106.53977544541632
135 93.39452442871679
136 91.29515063413965
137 102.85913478545996
138 102.90946174829664
139 95.2743749458795
140 100.95849849693505
141 94.18425546517537
142 93.34411039983725
143 105.30472096281775
144 99.70284035507058
145 103.37932057044041
146 88.57327192791783
147 98.96451719873458
148 94.0406382835325
149 92.8968915063708
150 103.61423444237612
151 101.02213514442224
152 107.66528554336253
153 104.64210274346081
154 94.41111012618353
155 99.42987760512467
156 101.56438963638372
157 95.79296511596186
158 84.92852941898575
159 92.8281700167916
160 107.738781233006
161 94.72848692250123
162 93.53279403720272
163 106.06337574285811
164 106.87815386202668
165 89.10585258486672
166 98.69295642038011
167 106.5626058498946
168 93.86319713081797
169 102.23695952334216
170 102.37584253397434
171 97.76431458662202
172 95.8941485654989
173 104.07874714494486
174 99.4404611179116
175 98.14553234563839
176 91.66545885525005
177 97.08160981084555
178 84.27950224192915
179 88.67798744848834
180 108.90759389424103
181 103.99845545760566
182 104.72823642202962
183 92.20782584496865
184 96.63205282889837
185 105.03194744103467
186 89.87886551105498
187 102.64609198743476
188 99.09045476609471
189 88.32437365261474
190 99.55269727414692
191 102.61992665188957
192 92.65366725378165
193 91.75711689007309
194 110.38184402019182
195 94.2660758052351
196 93.45977778628527
197 96.62103114339023
198 98.7654973701492
199 96.071976025936
200 99.01967806001768
201 83.99355969008569
202 102.58428893295493
203 93.7214466251378
204 92.4495288788845
205 80.58281229891585
206 104.6749059368246
207 102.13281433580856
208 89.98732809468035
209 93.62298073781191
210 101.09929181156915
211 94.07482427508123
212 89.11821589450471
213 102.98890399532701
214 85.71105324531493
215 102.55313662467506
216 96.02261660928043
217 78.05242307086739
218 105.4513382105524
219 95.43705075743587
220 92.02358644081231
221 106.3215332380594
222 98.06450765095057
223 92.09456947286098
224 99.27074692967419
225 99.37405180039401
226 114.41480671581708
227 101.06714100977936
228 98.6593257005041
229 102.76320491769613
230 98.09700020255096
231 95.73910503322871
232 101.11889054442628
233 104.73651307621292
234 105.58779871069773
235 90.44132462640371
236 98.75798229271466
237 106.6037548066127
238 98.88147001201898
239 103.39955734916319
240 109.11598250945622
241 97.85910266664717
242 101.5998777905716
243 99.34495934023586
244 99.57456667841772
245 112.97369794807774
246 101.45458208116179
247 89.70083026125732
248 95.35736309252857
249 96.55929488580348
250 98.43700973358666
251 85.31388065658915
252 104.87127156183848
253 99.86551464874853
254 86.56776898967624
255 92.29674375574768
256 109.62107569212736
257 95.65006192380552
258 89.6984554571888
259 97.56503179286942
260 83.25151538109627
261 105.64659873852095
262 98.08580671767493
263 96.31198864647257
264 101.33908148425873
265 96.69688419728797
266 100.5738809814417
267 97.19133943874549
268 115.33764746385144
269 101.57993858559068
270 91.99268728107238
271 98.65597215586953
272 88.78659986159698
273 104.41423703243949
274 98.27609002128621
275 100.41485575213454
276 97.58129159762484
277 84.82314409632143
278 96.08894870595094
279 107.88708292264104
280 106.41859634961781
281 96.65236390065472
282 106.11315253665579
283 94.26579518133462
284 98.54925228987791
285 96.21084251670281
286 100.37191869089858
287 112.2602915605968
288 89.53436311909701
289 105.89718069000638
290 93.22319491553232
291 99.15114355282459
292 103.29819023850091
293 90.48221382023056
294 105.03132929598104
295 94.59309722730045
296 101.96841724394373
297 106.4989781239925
298 107.72991330423365
299 114.42413124018131
300 92.68094992450557
301 96.10125763864974
302 97.45111591114514
303 104.20338167620285
304 97.81517173806257
305 89.67143226923106
306 99.86811029187102
307 98.45284914380267
308 101.53209254196301
309 110.6576308187507
310 94.30622745061787
311 106.63818579138967
312 95.78634712800311
313 94.50436140850162
314 113.61674062620851
315 90.73884936379433
316 108.07365802673324
317 85.96182922768858
318 95.52635787349341
319 94.85357087078592
320 89.97592266041018
321 86.709280219077
322 87.82671081158365
323 101.28126332774436
324 93.02916316532992
325 108.4311397976252
326 84.87639689635505
327 100.81595509030737
328 105.52278088728251
329 97.99792229188779
330 95.85465149699267
331 95.738304505963
332 103.56102052016752
333 92.13687324585572
334 86.50855317480043
335 97.15325907315194
336 99.18488846206658
337 83.16046739320882
338 95.25143006351243
339 86.02595584689043
340 84.29394993803899
341 90.16596308860362
342 101.0124586214378
343 98.64254404362757
344 75.88937942952052
345 100.74831095569503
346 83.99881910710738
347 87.34958929586818
348 104.06937458396433
349 103.80070142614144
350 107.58881710362665
351 85.56307599200163
352 101.37917448319158
353 94.2189913977597
354 87.43119620140268
355 87.41965190628059
356 99.21506467337448
357 108.59902800189809
358 91.70270694319254
359 106.50614759637324
360 106.86227778998122
361 103.01936769442433
362 97.07452658904499
363 94.78111930977626
364 104.1350793470465
365 98.16514995918217
366 91.51081788170721
367 108.71179776974563
368 104.98701756083567
369 101.47144240356127
370 100.2797337087755
371 93.93191953373726
372 87.1360380643744
373 102.88470511148552
374 97.2635826709932
375 110.06268861290317
376 96.56060732061668
377 102.87162959909368
378 112.24997269855601
379 108.77883409051968
380 109.91023117030073
381 111.90508227110085
382 86.43647466460227
383 89.57726328468772
384 95.1912510622754
385 103.42608655431444
386 101.00388186856736
387 96.66011487638164
388 97.23578640461803
389 76.14432027529244
390 108.51731035030814
391 93.77375277247609
392 99.41098510310181
393 97.4676020995182
394 87.94268294193738
395 92.58071249199952
396 112.23506564175273
397 95.17423057837813
398 89.59647053589629
399 107.35758706723483
400 109.725321855253
401 82.81876828589877
402 91.2107260013751
403 106.478296663614
404 105.04074759377201
405 106.33622740685921
406 100.60066484087307
407 107.49647439512086
408 87.55853790273918
409 96.85922212631516
410 103.86615925314689
411 104.26435529203508
412 109.95043531677042
413 89.73164058295558
414 104.6658927249183
415 84.89070541904076
416 109.75156646273786
417 106.732704343364
418 102.24516624713053
419 77.7039576431072
420 107.93162579685212
421 114.09560920593393
422 93.6387340944289
423 92.58692902898785
424 97.36390279456361
425 95.77676098879664
426 103.07677243312921
427 91.07036284859169
428 98.76587388070831
429 103.74042552826705
430 108.01176805452953
431 115.04275318562222
432 100.0947139365244
433 106.26580060706434
434 88.41004434806565
435 102.61432066341834
436 109.71962794327415
437 109.26268488171658
438 95.1350069124246
439 104.91674678122891
440 113.24877518765236
441 104.71170478416204
442 112.73685391007871
443 107.81111369529827
444 91.82981423561652
445 112.96564757648169
446 93.9612140820699
447 101.61351094979155
448 100.36777041490343
449 101.49186407423598
450 95.06505017773415
451 83.34106933378833
452 110.5656164008519
453 82.93687195541375
454 109.17717622550182
455 103.59042925229829
456 99.10085664033355
457 108.74887281907185
458 106.21773475334751
459 95.3028723710856
460 93.10995207409286
461 93.74161257942924
462 100.18887990927703
463 101.64455477308128
464 96.14253228528096
465 96.96549453397239
466 88.38732701166381
467 105.2777950212078
468 104.3003804175678
469 97.38758675517383
470 103.50337730850059
471 99.40116327040083
472 92.82448896677529
473 82.69836201504083
474 95.09677330065156
475 82.39903727571908
476 102.9395927766497
477 96.7054910743461
478 85.37824430999962
479 97.97099279854898
480 97.28746824884401
481 98.54618694166464
482 101.82394164528266
483 104.63405172349366
484 101.18834534698227
485 109.03763025273243
486 101.53280299617452
487 121.29811291259085
488 94.9403606736001
489 97.48723651874595
490 82.17224135564332
491 103.75638857312566
492 101.4174160167185
493 95.73811713346988
494 99.10611058439122
495 101.99158549270031
496 91.13437529609008
497 89.41287198880403
498 105.90318611006964
499 94.32519238391382
