0 104.75894663607636
1 116.33632631292114
2 63.84123162371029
3 116.27650665552358
4 109.70325173803069
5 114.38941357255665
6 106.74489292406396
7 107.5230959916029
8 88.59311005390758
9 79.31403905519166
10 94.18651224490972
11 102.27191548644099
12 79.03118353310714
13 116.94552355093639
14 96.6317432878388
15 91.90933841495941
16 95.22135461864649
17 90.15486456991927
18 96.90985479446788
19 109.76501846650552
20 109.13103360453263
21 110.68527657326443
22 87.3414958338357
23 101.26545030703986
24 90.63347702100961
25 65.44684844246085
26 74.91794254426385
27 114.03926171851442
28 107.95912813913577
29 97.72476011730684
30 102.45895649549635
31 110.41826250431542
32 93.32197998967219
33 73.52292299655662
34 96.37366564773397
35 66.51414031522565
36 90.15360826373336
37 83.787795712124
38 103.21970098300055
39 99.05197000482667
40 107.8937690893756
41 97.97711515207686
42 95.05074564757231
43 74.7033512741237
44 77.97575175618478
45 115.54867072836475
46 104.48705602280164
47 95.54725534678677
48 75.35015426323666
49 88.4832418678169
50 114.01177802056063
51 110.97470650754467
52 110.84031830133885
53 87.88262851347412
54 104.66835845418645
55 91.3501225442631
56 80.48644043586714
57 82.78389519608994
58 123.86216354841856
59 99.83342170246075
60 106.04356152150775
61 100.41115856156489
62 75.85793151632157
63 110.9389295453215
64 101.71678543577862
65 111.15003074141697
66 89.08821930450726
67 102.52353325220516
68 100.72230808540323
69 97.428565861175
70 82.87431480720295
71 116.12175866783736
72 108.30358460647594
73 65.6718200219161
74 89.64983306237181
75 112.49611852408765
76 118.32008414898739
77 103.40248436292696
78 118.33511525643742
79 88.90988092982212
80 94.0334610089396
81 117.76168624287963
82 112.89591531611619
83 82.15119630422755
84 120.16837438063709
85 93.08406074310145
86 57.4936367724145
87 76.49723426966318
88 77.64395998430312
89 97.32543029234249
90 115.24000727336241
91 87.50237208658999
92 102.77433901697948
93 124.4114875446022
94 111.69640887595618
95 93.40078524027676
96 86.9802511052005
97 73.30782002691679
98 100.05848620908083
99 81.88344435480961
100 108.70712739124968
101 83.38362626490958
102 106.14724046243752
103 118.31289356935208
104 86.23664461041982
105 84.52286332120332
106 112.4075191758236
107 91.98184754995022
108 88.55564287873825
109 84.10922796386102
110 98.55114047371227
111 101.35625292255132
112 114.29916004288101
113 109.06902304174999
114 106.40033939250777
115 83.28238866474628
116 93.7946943176182
117 92.02719441951888
118 97.28351164449899
119 96.44678097683929
120 87.25318081279163
121 74.4502491003223
122 111.99325306161077
123 92.92035132964968
124 69.48611058055677
125 68.52194421009206
126 108.51465689988335
127 87.77011871486721
128 81.16651574356727
129 92.4382747726909
130 101.13928931057984
131 63.79549305503557
132 96.08154382567898
133 132.2704784071524
134 100.9129437017821
135 96.01093879681608
136 76.77589702864579
137 68.88927783770667
138 95.07354811619311
139 100.40715769941554
140 94.32675867284652
141 106.81637727510332
142 83.03729485374805
143 109.28866164418294
144 80.34867917257768
145 99.34251013623779
146 93.87549902428245
147 118.2452773594005
148 106.41636570461101
149 112.68764476955128
150 94.7446099883193
151 91.37776957368172
152 95.57473805843453
153 91.11399702333988
154 90.92800814221825
155 93.54043173194208
156 113.99038377249072
157 92.27767575830578
158 109.88101176408655
159 80.25108682604996
160 93.36931716990792
161 104.01368008831152
162 83.83206066339815
163 117.011630675013
164 101.21732041267316
165 80.59491679383386
166 104.5071612894485
167 72.45848622430707
168 85.11031177603033
169 92.64583307414055
170 113.98531565163525
171 74.51072856714273
172 104.81976478252116
173 102.24501375525924
174 95.09219034287098
175 97.58350161537058
176 94.17033890520098
177 86.63493726901571
178 116.12866478711697
179 82.41577532632155
180 93.47010020881036
181 99.28519674188978
182 86.84517518078164
183 109.93980712396588
184 103.3713488185973
185 105.33197783330576
186 91.5954308974341
187 112.60886047553761
188 90.80215167776251
189 94.05223366918747
190 113.53181769015103
191 88.05981722636744
192 93.6711011824194
193 87.94689133098309
194 91.80079781222324
195 83.93934828851084
196 71.11149923829217
197 92.67946660381132
198 85.50355703407175
199 102.3970921688412
200 88.15890236548648
201 90.16047904895991
202 106.16088092633103
203 93.17667842911051
204 108.39967501986894
205 98.77173078826611
206 102.72937299974397
207 89.29674730240971
208 112.73519363893797
209 85.55813228192837
210 68.46447880938477
211 90.97841839120171
212 118.97285074579816
213 96.65792958709432
214 72.64268327036382
215 77.42240173118006
216 105.68351563626534
217 123.45272242190221
218 110.98244047948045
219 88.3624426218305
220 96.62831761740082
221 110.82532279667052
222 104.62233362750041
223 110.33740156499253
224 75.77183779328668
225 71.5340899066867
226 90.86277306760176
227 85.68139676026236
228 77.77280814066995
229 94.27177459579868
230 81.43610266159884
231 91.27349355140773
232 90.9590167156254
233 101.40379999182352
234 111.26016249864809
235 103.61380478919921
236 87.60184656175103
237 109.60916664427813
238 94.1953348961736
239 98.28187280038391
240 100.00815214563572
241 100.7588598390352
242 114.11479137224451
243 111.54682291030964
244 96.13756962399484
245 102.23524521670083
246 104.93296855300397
247 71.65821226674916
248 100.00349473842222
249 79.87564497021853
250 103.13432937947881
251 85.42970392796887
252 98.97181601383282
253 85.03493581450617
254 100.85978230341128
255 82.67991867464977
256 98.47785197378244
257 109.42963953663278
258 104.95053354170152
259 88.21236984554172
260 60.99421132282415
261 94.12105603833089
262 81.36080608898826
263 104.92356445466002
264 84.60424040476676
265 89.30704380836185
266 86.18754086162299
267 94.0307899543427
268 84.95593409135472
269 117.76307495363179
270 105.03251849002562
271 102.82325703241494
272 90.24492953643859
273 117.63250570796255
274 103.8623128125622
275 82.48517073976159
276 99.32278706894152
277 90.36109587762783
278 84.00313766341206
279 85.7525974585004
280 104.41717813476973
281 129.7843983201531
282 93.3666358313375
283 80.45602173749093
284 112.80185031267494
285 88.26499448272682
286 86.65445702304848
287 69.79082543049657
288 96.1108016189756
289 99.34856775496065
290 107.51720212623822
291 106.72599114389412
292 101.2580776405556
293 89.70425980146244
294 82.59327178575958
295 79.60923055260174
296 88.17669380238601
297 88.65211711451
298 89.2424213225157
299 96.88060224946852
300 96.56476806307403
301 87.67747856257235
302 98.8759580317383
303 88.3494264760597
304 99.31566175712558
305 97.05699073035996
306 91.5202281884088
307 107.24341235336098
308 97.6668291611654
309 109.61518885192179
310 100.17361615398937
311 106.76827445687256
312 107.05152976673592
313 91.07626422478326
314 89.08225878639807
315 70.42607429245875
316 111.46694553152129
317 128.55180756446433
318 72.46425322280949
319 101.15565955037651
320 119.0897745011955
321 72.96782453714913
322 70.88120468976035
323 93.9500906267789
324 81.60469696601068
325 79.47649469554125
326 106.48556956097673
327 98.47229182176038
328 110.3609184875849
329 108.29455162187855
330 80.92097913465977
331 110.77344867701399
332 98.84301697878962
333 87.96706810864833
334 76.65916673520655
335 96.09120812568554
336 87.53630297549745
337 70.45067040351431
338 82.57654989983827
339 76.7524263016555
340 98.78856432376128
341 93.92960215207339
342 93.05677696110375
343 81.25630924430922
344 91.77166478434783
345 104.78116641734822
346 89.85516763952216
347 88.4042887275278
348 114.92196212486633
349 87.10472050812842
350 96.8419273365248
351 107.58597328629399
352 80.94401621243105
353 128.03785974909613
354 102.0945669062064
355 83.84005874131162
356 99.3158311794316
357 87.74679368334743
358 99.44722358933284
359 111.34873746661273
360 112.62745500220448
361 92.6567989437284
362 93.80600379220442
363 112.39822555298235
364 106.12713725341185
365 81.46979554572899
366 72.92415552345847
367 106.59088249961879
368 85.16749214296344
369 105.26551262101654
370 102.70260452436204
371 91.41344179722603
372 105.45315223971943
373 67.15523125244088
374 100.33752591436516
375 63.36867432108922
376 112.23624980763176
377 87.69487212028203
378 102.04147419015176
379 95.55068740919734
380 94.00398870206553
381 99.12592081075016
382 103.14659233241825
383 100.78369613032227
384 114.71651318636215
385 83.27059055405469
386 116.31623880931772
387 118.213350731185
388 56.445508932171194
389 129.4373746968114
390 121.40647952217161
391 77.35028458212253
392 104.43902776360885
393 83.30390938345582
394 97.02579501407212
395 94.63765934857832
396 113.56835326960538
397 91.26501198963263
398 82.39425699807084
399 89.37558852003994
400 93.65977252424098
401 87.77669053545073
402 74.79200273732356
403 108.29609572078287
404 88.79198645986126
405 81.48458945137332
406 111.77255141426114
407 63.511070121875704
408 110.49385605775979
409 101.96742931888248
410 72.81188324577137
411 113.51434393343304
412 101.70764252500312
413 100.44728178716508
414 69.83398239479426
415 84.67521249756263
416 89.45039626664776
417 92.87862377384155
418 96.4819581589281
419 87.16999496145863
420 92.04547437914431
421 93.3273453566823
422 103.01961311733169
423 98.59101745248586
424 90.95630341618862
425 101.60477159430354
426 124.77929676560827
427 114.47508710623428
428 82.19901927911586
429 116.61504041024942
430 116.37085687760872
431 80.67713237424007
432 119.67476444500025
433 116.59933117551054
434 101.12653845921184
435 116.84714601431497
436 84.0253954214316
437 104.08029554537366
438 76.4376957129835
439 127.1013211308286
440 96.27079936071168
441 95.48013580783832
442 78.31490222710592
443 89.606379740629
444 90.72707817841037
445 79.56808693900867
446 94.69535608036365
447 94.67169130475571
448 101.46999026832476
449 106.07680936957411
450 93.1266281127686
451 109.25281773126397
452 103.98808309731997
453 101.6036169407966
454 89.87505225556963
455 118.9146388997114
456 89.38917792230161
457 110.13717168026774
458 103.41089876126075
459 119.80031040855854
460 83.57397436389357
461 101.83481625004877
462 99.25707193819049
463 113.75979572910114
464 91.13606093724624
465 81.01422039494467
466 86.7073485814373
467 81.51734591328184
468 83.11389418867564
469 95.81379958227295
470 97.4857488384776
471 82.86256220116168
472 62.45585737818761
473 100.68638669892621
474 103.9156588799491
475 92.2745327387273
476 85.2111817903156
477 107.11234528050103
478 115.62408376030885
479 95.36244522618793
480 93.85442856803012
481 95.4232718974932
482 98.04809825332508
483 118.43846432519167
484 88.51166406619511
485 81.62883091340333
486 92.93430826899177
487 80.7128216839582
488 99.16954135538641
489 84.00868964266999
490 97.3268540638014
491 114.86976881355002
492 91.69882051557977
493 97.24612190597882
494 103.99400421435149
495 90.42675271954103
496 97.870771108695
497 67.90214878963519
498 80.7212864251479
499 86.11524815334406
500 98.52681999477029
501 121.93038288291542
502 112.8886365456549
503 90.43546335313953
504 82.31865893277565
505 96.51376317356474
506 95.87688196645686
507 99.89643167143845
508 93.58833364167278
509 120.06864663906968
510 88.27098253820435
511 84.24061247139186
512 90.77806182704292
513 107.37252337831605
514 101.09774360754093
515 107.94063437160732
516 100.31707882243123
517 127.95571140376799
518 105.94072187272172
519 108.58564508571246
520 95.6585662817618
521 87.51133800344189
522 103.36242923568018
523 78.85732460637823
524 102.69337204353313
525 94.94870926952973
526 118.85656895029308
527 98.71750044010803
528 104.45461412674136
529 101.41871018129761
530 129.78493661432228
531 91.07945457485559
532 116.8980586110741
533 70.9967592472335
534 77.1417128610005
535 97.45161485482659
536 100.06324463502442
537 67.47227129845896
538 96.04043001040094
539 88.04341935463252
540 75.19726994693174
541 97.29728261973477
542 104.66609717821507
543 111.45168563782033
544 68.8165209401228
545 88.73476566795124
546 115.35205295637101
547 89.03120017199204
548 98.47081225117805
549 91.96744173423734
550 96.98284754427655
551 116.93161008447416
552 91.36322888158698
553 99.91664624166614
554 84.54414951447399
555 102.07714807551775
556 132.51283228574107
557 96.21158823672285
558 84.94728041729984
559 115.69838024165037
560 123.53222358449703
561 93.66981508359574
562 129.9357331813951
563 94.93060706455344
564 101.76477151504226
565 101.02178093548041
566 77.00719763415204
567 80.33983395135456
568 102.84412383258287
569 78.89116930739056
570 102.18267162523809
571 102.6485928215723
572 80.84434646475925
573 97.98571791109683
574 91.88799344064496
575 105.78235136142962
576 91.75705424276455
577 91.98272148197113
578 89.02231951348786
579 100.24261419404228
580 99.86843234865927
581 84.68077130924598
582 102.96144227091087
583 115.83244473790785
584 91.60604149890273
585 102.98095459408778
586 113.68133649346845
587 148.23489417520747
588 91.49163035475239
589 101.16599641216416
590 59.63514522013557
591 83.25191031826093
592 114.69842569902615
593 90.71801762519927
594 92.88315000727
595 90.56224947821941
596 98.99330166894723
597 86.30123186589985
598 105.96336024962594
599 91.32447182893586
600 95.27682669298949
601 101.90341135966185
602 78.82327792289028
603 87.52377579377865
604 107.05826511429333
605 97.88457500893196
606 81.69947911303231
607 111.1650745961099
608 106.00830166013115
609 82.92805611060705
610 80.19603370403652
611 107.27251002310327
612 91.37411053262775
613 91.57789896808461
614 100.0094046609094
615 97.78160159989365
616 87.9873418119537
617 88.69127421616129
618 83.70682088571395
619 117.80524678504223
620 100.40629920205055
621 109.74776341160256
622 101.65243353242347
623 93.11627989968525
624 93.37684603688527
625 104.33789717718261
626 108.01025157651335
627 112.71304625370847
628 77.86338659963305
629 107.05930531372324
630 96.23827962647366
631 80.49867239597285
632 93.42242909947824
633 88.0025707525411
634 88.40935222935977
635 83.42155648689067
636 96.21147668624702
637 108.1136335121065
638 105.45138124851802
639 97.36765539385827
640 93.09182725398375
641 108.1280528940592
642 109.96135250199809
643 105.71963093384716
644 98.91492630678775
645 113.37257840169188
646 86.7714225028061
647 97.00334536401508
648 95.95146368308205
649 125.11811924269894
650 95.33022603066293
651 73.63988195130412
652 124.97201830747844
653 124.50576719924896
654 102.85404437851048
655 103.01062133525406
656 81.79180278863029
657 77.95749281505967
658 104.66171869249713
659 99.27656229354433
660 109.59492931002532
661 76.02632971645214
662 99.32104731328239
663 86.19087706319331
664 110.45304939125509
665 89.1054693262065
666 92.99382730554291
667 78.81300468598583
668 96.04293115008255
669 115.14642346160285
670 102.06467239078272
671 116.59578625234434
672 90.38973800360026
673 98.1620989873706
674 85.65555544420545
675 109.0144720393012
676 91.16492969552904
677 96.71093967715554
678 104.3382501891518
679 85.37940417049647
680 99.08425430804989
681 91.30874228806086
682 91.38352613061254
683 86.66754411275484
684 96.78732658970777
685 142.930157236296
686 97.18070776285262
687 100.4074130922005
688 102.23640864337882
689 94.57115364592755
690 104.0689716429679
691 116.96630025990912
692 80.30404905773862
693 123.44926891674716
694 99.23506878269004
695 101.93123030980946
696 119.49264192249942
697 92.71814956868138
698 93.45132764259051
699 77.81740530043349
700 103.51644192468899
701 87.7613375977889
702 95.74912413628209
703 91.38481972646154
704 84.8745361463483
705 91.67783405900485
706 85.46970803691872
707 93.22492681159068
708 103.16360734740941
709 107.37346661710222
710 105.47892402417212
711 76.49305952513492
712 86.85605457786092
713 88.41728169822119
714 107.95385343287836
715 81.6250305968482
716 101.47009955340465
717 106.03032642162376
718 103.51873516104587
719 98.43557135657625
720 100.35642505963617
721 74.54975165856607
722 98.01010337330206
723 92.26712318291878
724 92.8761146969903
725 95.75086540153356
726 90.22177214562991
727 100.31971992027913
728 86.76674351451675
729 78.97614847424168
730 77.57595418541517
731 108.62641041815331
732 106.4444590200502
733 106.2776872220705
734 84.45717982778396
735 107.75943571340703
736 68.34665292549472
737 113.82468175859645
738 88.63944546401174
739 102.58881348802743
740 103.58805692951408
741 101.65360162970983
742 123.53479734875273
743 78.80825806433994
744 95.53579965977738
745 96.03583579751593
746 83.05112081370754
747 102.82307395686158
748 103.06078095864339
749 118.00588372781611
750 107.6022119554248
751 103.9046053100083
752 113.9448497167533
753 100.27515363474839
754 88.39879976052741
755 82.13494196893899
756 77.20598083585213
757 80.67259785861067
758 68.74843882028149
759 107.60102712710408
760 71.87951792310572
761 83.27265521576606
762 84.09715727103146
763 89.26344066310828
764 93.16624170535418
765 91.13707086751549
766 75.32236798503273
767 91.38300254573558
768 88.7404225078524
769 78.4538703568705
770 99.58253859499604
771 102.11508245335064
772 104.8054375560641
773 106.659507511175
774 71.22048479487205
775 108.53558304275653
776 101.70093165675999
777 90.64464169365424
778 103.71257427756488
779 75.72550215553704
780 111.02107705756518
781 96.24168743911235
782 80.11881045088096
783 79.03748646010162
784 109.38045189762964
785 59.75645427876208
786 63.071650287075286
787 100.48394627285525
788 78.80967972757921
789 109.43916366115464
790 83.6955857299958
791 89.43802459212043
792 88.08823547177332
793 85.4291185248536
794 97.41221237223806
795 107.93633148386874
796 96.25001716608539
797 107.7296032255197
798 104.87024431829518
799 92.95025950195601
800 93.15875868161977
801 84.75536986750592
802 83.16951485634021
803 95.72084024632595
804 100.39017983183427
805 79.33118319330775
806 88.39615104138713
807 87.23505866270426
808 88.58465931964658
809 105.04136837608347
810 114.76544988068113
811 101.5911203650093
812 93.10889926962224
813 100.38609749593479
814 106.07129575397391
815 118.32328295687704
816 94.21876381532559
817 85.04122679730003
818 76.45968945772236
819 92.75266262291208
820 104.81129945704556
821 117.21128669130815
822 91.82103209967828
823 92.83451603562969
824 66.94329606481291
825 96.31624927933986
826 82.71675508346074
827 107.71123722179314
828 105.19905226921303
829 88.98386206036312
830 108.59895510231495
831 85.91488877434276
832 95.10942254914879
833 58.121965627359074
834 93.94813404214008
835 92.97418229229572
836 102.66752835851922
837 65.6660367478386
838 88.75382518416022
839 63.39136393451142
840 89.51755113894896
841 98.20336561579461
842 107.21821546405656
843 78.80167755113258
844 85.44620777441679
845 101.75568404187806
846 84.83401834759432
847 104.59712001287849
848 88.61943843665512
849 89.44581459763243
850 101.00780482938153
851 88.47019244304029
852 74.7331663049265
853 86.14687689598829
854 112.53603767479176
855 103.23799808435663
856 111.45169726160334
857 102.16523640883742
858 107.0640126833705
859 86.38766897969145
860 113.58708316809984
861 117.29128301992483
862 85.58802504052542
863 110.73313986365318
864 72.71673494584174
865 96.06606202807187
866 84.3206150785413
867 86.26057231456865
868 104.94241739246328
869 91.59522035369548
870 84.18248018294499
871 95.90160184587343
872 83.0247459738234
873 90.46687028589673
874 110.58353690981473
875 79.41671387628202
876 86.84302849458898
877 125.87217174636872
878 86.6198872463915
879 92.27274681076618
880 93.20512428279504
881 72.40242484221059
882 93.49272051376579
883 105.20251030738005
884 96.7263625425845
885 100.83426395879252
886 106.78359920143335
887 99.5632054394546
888 99.89569044563743
889 80.95398196312308
890 109.55522780556937
891 95.1148114206829
892 119.58876716761748
893 96.96205268681932
894 62.972256973529475
895 106.44282063838878
896 116.87255997343078
897 79.66727911707325
898 79.2271175798533
899 98.56015667026685
900 118.28117832762561
901 82.8714715434834
902 75.35387805448191
903 103.37311504670544
904 100.02867002527051
905 96.5274721437981
906 98.40842500825528
907 87.99845847778842
908 107.7342673509985
909 82.54060389314759
910 118.31335330037122
911 74.65980992070735
912 67.6223614783318
913 77.74918332247312
914 120.49225663534988
915 88.13104462292473
916 105.64672671380069
917 94.07093345042013
918 66.87341867036317
919 97.3681052986365
920 74.19910126406613
921 82.59544209062557
922 104.09014088083782
923 85.04344236828136
924 90.94527901234324
925 106.05421706231478
926 99.66877415950255
927 101.08922220255421
928 88.69857563248019
929 88.977342106893
930 102.53813934248753
931 110.11648624387243
932 109.42040850313847
933 99.07863721517543
934 97.77643224767924
935 116.9905727603912
936 96.02493366841765
937 94.58813813555163
938 76.66601964495312
939 107.88879074366514
940 118.18062535015996
941 102.48810885961943
942 89.00352859637644
943 99.69611120456312
944 89.45003400959007
945 109.79155335271223
946 82.62992955252085
947 100.5168852937862
948 89.50157403814401
949 108.38894259267282
950 89.22441395809311
951 97.30843078045513
952 99.78022785413334
953 108.33714356575024
954 95.36679597694739
955 95.44072008515585
956 89.18019456341312
957 84.69788745431818
958 97.46476653419617
959 110.224915912011
960 88.2153585159312
961 100.8206662689658
962 102.04391298586671
963 104.80442055321353
964 94.2458629036603
965 96.82116410279738
966 94.213208231726
967 87.92531271572288
968 97.81626659438895
969 100.83043035583022
970 91.43180999358314
971 84.87486306731928
972 112.6760870509324
973 112.4201884024051
974 84.57421127097429
975 100.3521629730776
976 80.32299565765449
977 93.43639734979034
978 86.45349575573749
979 94.80312315230603
980 108.58743185780509
981 94.48491322613248
982 95.68981822988836
983 85.77419062947283
984 99.16525098607353
985 106.76631617103116
986 93.3752972660305
987 84.8908222803282
988 101.20792417978615
989 102.78888193026515
990 82.80110721319276
991 84.88636718239242
992 99.96887487616803
993 81.74970267596758
994 99.38138317396789
995 88.48806229562419
996 104.91681659509176
997 88.93762712174778
998 96.59876941628048
999 55.21189317513793
