0 53.17688041821919
1 88.88907345489544
2 66.01863634211246
3 96.05385122592998
4 63.83775561321636
5 75.60984134823038
6 70.02707494806967
7 81.7121878285904
8 77.99448173120156
9 74.39426332284927
10 69.46075031375406
11 91.38159718967837
12 73.68419188946544
13 83.00438621714083
14 83.4596668101609
15 83.46319181785661
16 52.771274721413874
17 113.96762049616875
18 90.49690666305418
19 61.77572979353038
20 87.56075865598473
21 69.04665240949257
22 59.38411169988051
23 68.44024246510645
24 70.53462176998958
25 79.30599690107174
26 91.8463083030058
27 75.81748625131608
28 93.40927303370282
29 68.42840848599224
30 78.49908715780711
31 75.36965133871648
32 73.7513168233273
33 77.97008812409584
34 68.09584089279218
35 91.26059483855234
36 72.6132790220167
37 100.63674122698546
38 58.080436861827955
39 79.10273212441663
40 72.76139556673088
41 67.36680327499317
42 61.39924924468589
43 66.40818072275417
44 82.25281205512262
45 91.03791955048916
46 80.99434431319787
47 64.96090901231393
48 76.7779749883346
49 82.48468174703399
50 79.85251011250371
51 72.41338021424905
52 80.8290986507564
53 53.565333818421166
54 71.69795532142368
55 74.82893970589149
56 62.30691828806482
57 73.66049850640276
58 107.45983225157329
59 73.1454193633262
60 85.65403227800594
61 77.89446835787436
62 66.23321703034163
63 68.05521629355239
64 87.7646157873538
65 97.598744988754
66 71.51559845100763
67 107.14233508519467
68 64.47989631073806
69 73.46434754577639
70 83.7313475369944
71 73.10966385801412
72 99.75680945840983
73 90.21031687328686
74 73.54552169114646
75 83.53111101305815
76 86.57925437288921
77 78.29123167527653
78 90.87989383079615
79 78.84141535774238
80 56.66543294892764
81 76.46048369311343
82 91.63903822914699
83 64.23029412176331
84 96.44591108357213
85 96.21536331088086
86 93.56900264849364
87 73.89106897296264
88 72.49799526031867
89 91.31511243414067
90 75.63095416659601
91 92.90035418602152
92 92.48107688747638
93 99.25813537702321
94 117.48138159184938
95 75.13148098164395
96 72.86941962658827
97 46.84624007229253
98 74.2989549950671
99 73.32745687273771
100 78.07735322696652
101 63.66810904785527
102 66.23994478997166
103 74.89915891092814
104 76.45330497301592
105 120.73754541283314
106 94.46578299632257
107 58.297174169706715
108 89.99285427715134
109 62.149193464152624
110 94.67676849086206
111 64.92574363621736
112 81.07587926497105
113 75.86416070839263
114 84.19629560294273
115 71.84696391429094
116 82.1073773392283
117 92.18820852074124
118 66.09541396370714
119 73.36893946520091
120 96.59071147052367
121 64.19498899375829
122 110.84987054630723
123 71.02525508446912
124 92.80041125173145
125 84.35665638540087
126 71.16689794285894
127 76.35157179657425
128 81.352733862346
129 68.4028568658239
130 70.3432394668696
131 74.71314641485573
132 55.86475374365316
133 68.17075745998316
134 73.09558149047601
135 92.03573863139896
136 58.21479929906371
137 71.67589650443433
138 74.0613606266355
139 82.76612365347103
140 72.23410921695628
141 110.20538432742029
142 78.8125229122942
143 57.02947349393944
144 75.86427503424629
145 97.34980370755517
146 82.34707678398713
147 78.01968046783345
148 105.27403584016692
149 90.71316566365917
150 78.0932007808595
151 85.25777248041564
152 104.95809075567527
153 69.22085523814931
154 94.29936778433814
155 72.33219875148257
156 64.42624205961302
157 97.53435218254944
158 76.84781964470174
159 87.15184863596527
160 73.23443411570106
161 73.53825804136879
162 73.44275152683556
163 91.30143132118715
164 83.45946482518374
165 91.1792096737524
166 64.2544284636961
167 84.43061005127115
168 110.03609801178489
169 114.46365420445612
170 58.40148912934164
171 81.95628745077616
172 62.30231084745165
173 78.86517278607343
174 56.14692536157074
175 82.35859290688344
176 76.09754716624742
177 84.24475642604135
178 57.280889371095036
179 73.98265916959991
180 64.37923028329938
181 66.63519582623881
182 67.50262671520281
183 68.62316042900518
184 71.94876185126155
185 79.182473298441
186 74.4909058810976
187 65.8427121935872
188 73.38688394923251
189 76.485897965848
190 62.03781188590293
191 87.11643125059274
192 81.44906484712058
193 93.47859478116217
194 62.40338461012326
195 73.57981282002407
196 67.09781768292486
197 72.13596023968587
198 90.86942124006353
199 105.79489467994028
200 76.53092679174722
201 91.78160826083875
202 77.9973841082869
203 67.96218101914066
204 73.1416586467955
205 76.74122480918375
206 72.38651224018534
207 93.84387352785203
208 85.13546031524587
209 67.60580154241703
210 57.623713218793235
211 60.19768252835401
212 76.63333201943784
213 78.47725202813653
214 63.35020171199376
215 89.02294255097289
216 36.36198968337377
217 70.16093792515838
218 67.91755837675512
219 75.50234291534687
220 74.48707359144285
221 70.48563212544306
222 70.87754126477942
223 70.52631854067432
224 92.52391478080915
225 77.98440600721085
226 78.1715773618747
227 79.60557768998709
228 81.41449244479759
229 79.00588223905572
230 80.69583128081719
231 86.69693831086727
232 98.52725906434401
233 83.27205415440001
234 68.02985950793061
235 82.15186782524152
236 62.523290596446444
237 70.78648629621267
238 90.50538080497326
239 79.15624017920516
240 87.46141221280746
241 61.57206554707168
242 67.62195053903932
243 76.48737772966176
244 74.07368457150518
245 66.75250012919354
246 70.75532184723308
247 61.4351463088014
248 44.28956373138005
249 75.86733534639365
250 64.05045471518513
251 55.56817776728781
252 85.0413544824295
253 87.37358654006259
254 87.07968250499896
255 97.5363570682182
256 57.706276621583065
257 53.96072969134178
258 58.063832169627304
259 67.78855306815035
260 62.379085261069164
261 65.8752442702612
262 74.89126498742317
263 102.11021253438209
264 73.8480235572447
265 71.43686415074094
266 81.74792000570542
267 79.34223218315982
268 100.52654794862909
269 82.7446629027394
270 64.17692028919211
271 69.41739168400915
272 78.32058354221832
273 67.33250671517816
274 93.69206545285596
275 85.41593409437964
276 95.78651805977255
277 86.89342739528963
278 57.36592798868961
279 110.7877426965813
280 103.70040279167407
281 87.81927510969844
282 78.49730487168844
283 79.76810411666992
284 73.9815932583592
285 64.57547152545727
286 66.79555620082996
287 58.13060857257661
288 79.55687215489098
289 55.16521313536416
290 78.0360568599223
291 91.6682462258647
292 55.51577699590805
293 82.41954737836828
294 79.72323345726122
295 74.38037643176519
296 54.151682435529146
297 57.96557509952273
298 74.46191168887047
299 79.19815850936821
300 83.90206460043251
301 88.049595413453
302 78.62579129372136
303 69.61483670966905
304 67.51575428962433
305 68.84147883432603
306 71.75003266876585
307 79.23878282772442
308 86.22370401575373
309 78.80526976218931
310 81.73805521323575
311 84.65360099684534
312 87.37032095963691
313 81.02480453207339
314 94.4383316778169
315 48.734402919647884
316 58.79742804395133
317 92.80616150727747
318 69.42065311278363
319 79.70700067785123
320 97.30548728614791
321 66.10057421420416
322 116.67884363658604
323 84.65446571392144
324 97.99636013495304
325 80.14844695532041
326 68.1558037057744
327 88.35917343235404
328 80.94650122114794
329 67.67538099514339
330 80.42685183210547
331 69.33588996846464
332 69.5624761633275
333 93.84237877401985
334 84.97651541382844
335 61.13495319656124
336 66.92774654761125
337 84.72252011594092
338 77.17458104266926
339 65.14209451795348
340 82.45349447614319
341 74.1876316706476
342 55.286896273492275
343 81.42111739175012
344 65.94408231258363
345 64.45997289535059
346 81.2768196420292
347 111.20781730883542
348 85.79910520752699
349 78.1767698153808
350 75.7568948054481
351 81.31607188669551
352 64.93675408045954
353 84.19525374449171
354 67.13365459594375
355 78.66078004168584
356 81.00803490790231
357 75.68718377810545
358 67.07015347443713
359 76.02818006758042
360 79.18530152690778
361 81.48970432258652
362 82.06569923819117
363 96.73541790278883
364 60.35293089981908
365 48.230466215246565
366 104.8903326493489
367 91.69705092917168
368 70.43274255487692
369 82.94198426910812
370 73.10946409481096
371 63.781113524757096
372 62.34962616846313
373 97.69363507823623
374 86.013571477847
375 62.96988593281564
376 88.09583128036712
377 94.79475898659616
378 89.9757007133292
379 76.92984363625432
380 91.71370512929116
381 65.49766643620043
382 100.04013321207091
383 80.7344456082855
384 65.29773291778992
385 81.12741837461883
386 104.13897723651414
387 81.28687062278779
388 84.1256011752042
389 65.72955483297845
390 59.05780467851428
391 65.652140041277
392 85.21409862005022
393 77.74045528805637
394 89.46435959446319
395 85.19455119620872
396 71.34484543577713
397 54.440719773989194
398 85.46945915314191
399 72.3257164918516
400 60.18287185986638
401 76.28581615146281
402 70.38831919225835
403 52.29896889382138
404 53.828074312777986
405 70.85937143787011
406 71.33403470273204
407 76.0770863293935
408 56.009363368293776
409 70.01659144932262
410 55.351392827505215
411 99.17481516472024
412 67.29173949944362
413 69.62489692062725
414 53.30931456922843
415 75.72967199438769
416 60.62294326293416
417 92.02494392436297
418 72.6810337353401
419 94.91381972344415
420 59.92301372958283
421 60.74356171973815
422 95.17646142075498
423 68.17781883430072
424 72.32240004729547
425 85.26120928106093
426 83.49442294944916
427 60.65316932554427
428 87.63419008821137
429 76.88532906197784
430 81.79171639619545
431 89.17331761928877
432 77.17848346280275
433 83.91327153822351
434 110.75655894372694
435 98.25585100539799
436 69.81918672753442
437 67.22364135930857
438 101.99155248669409
439 72.94031570881762
440 78.46099061283043
441 76.95461480018831
442 72.41970923032541
443 98.68436624813998
444 105.70536938550495
445 92.42679517021227
446 73.16200593558088
447 82.4551647199774
448 85.08618350713658
449 68.93378351990904
450 59.63444773002892
451 65.91115056644256
452 64.5158112516979
453 88.01318333319897
454 80.8018754151937
455 79.18649400028187
456 75.79356770959761
457 102.76658579828596
458 91.37995966791651
459 76.2153225109555
460 56.26840974777015
461 110.39992838584391
462 101.2081829107933
463 75.13595608681632
464 63.50267733865152
465 82.31475333214881
466 81.9102655018549
467 68.04804796803009
468 94.63320335514611
469 81.12850337409395
470 68.4476148527188
471 92.46940883166204
472 85.18405839653207
473 99.39275119330621
474 72.60478858247671
475 76.56993645989664
476 93.61418553269121
477 66.0888870431413
478 78.71089417809293
479 93.87789874517551
480 75.71339917688233
481 93.18126615737049
482 102.92782674608566
483 82.21849430834936
484 65.49410898536699
485 87.8938951845855
486 87.10175014361204
487 95.7652868041084
488 67.93799181551174
489 74.02651012925904
490 71.11022030990596
491 83.97682175573652
492 79.91939499560547
493 87.68285003719345
494 93.65015436185962
495 65.68905093115525
496 77.62664658241253
497 31.007700604069473
498 85.1483185163988
499 59.49304949256452
500 71.68116985478112
501 66.45796948152206
502 65.24195005605701
503 93.79839910796538
504 66.82462746747207
505 66.87705349763475
506 81.54599167901385
507 75.10293495134597
508 62.625355275876494
509 88.65207324090531
510 89.07785665987807
511 64.30359350901124
512 92.56784170336003
513 62.583850080229645
514 107.3976093758832
515 79.74859759414588
516 83.48187101562048
517 102.23523224327639
518 56.531871918657004
519 67.43182999711867
520 76.0153389212081
521 90.60807331618724
522 63.17647631344128
523 78.11689930710438
524 65.02764470380629
525 76.33837734134553
526 59.0893611820065
527 106.49510986741734
528 86.57391523644318
529 72.92743591726759
530 82.75237324723079
531 46.32113085988601
532 77.72768907440005
533 84.59728618412625
534 66.22010543967764
535 79.23849336709928
536 60.57968183550761
537 60.275317341624095
538 62.30257083319289
539 85.33093551248713
540 78.01561517867374
541 74.0522907010522
542 92.08430285143454
543 93.54669126983062
544 59.3404836671462
545 81.73684098762217
546 89.89117839269865
547 100.54693053648113
548 68.04951897629647
549 84.12437636680954
550 85.67133648698496
551 89.4409340276622
552 76.40491197488984
553 90.77440979109288
554 66.95224483047728
555 96.50183669523064
556 71.04607597443623
557 87.57093829576273
558 89.00556492429295
559 72.61397722479651
560 91.52482269898864
561 77.82785962190361
562 81.71553325142875
563 62.06630600727321
564 97.90194623170308
565 79.75328604993162
566 63.78287371663516
567 82.81535645166576
568 76.78407267154121
569 60.93179276685001
570 71.14331811433463
571 64.22174961118853
572 70.9054802184406
573 79.14303819625744
574 86.59442749344497
575 61.48210153603124
576 72.52862943769985
577 78.53792922673125
578 73.59801835119418
579 64.35780447111092
580 75.30273427962685
581 67.3183212505912
582 67.34283918932168
583 96.46557869649594
584 86.81531070178613
585 78.10647256349232
586 103.38797946063441
587 87.89787554372063
588 100.58091480816829
589 81.66693775780672
590 57.80302392005434
591 95.60405215984001
592 91.72661066323798
593 75.61443124016749
594 70.1516705154121
595 73.27567113025539
596 58.10850015169889
597 61.55255724230574
598 77.86880987591006
599 70.00393541788179
600 82.09662284361454
601 68.89798795218432
602 85.99026953795746
603 74.14904350072658
604 90.78856323189987
605 87.88380653690248
606 70.92634182709598
607 66.83814390489657
608 72.84910756835082
609 72.5126288695596
610 87.83963633922727
611 61.56741878345764
612 77.21099817934648
613 66.2679155700841
614 82.82512507213308
615 76.86552558977137
616 64.73591794362693
617 96.28394760452483
618 71.80383710979699
619 63.509284308024064
620 84.3757530362863
621 79.45671669039376
622 79.46432061427663
623 72.24166218796333
624 72.69401330501621
625 62.23638010422839
626 82.0815460463397
627 63.10504191691121
628 68.46271669968633
629 70.76488812338168
630 69.35710610843257
631 73.58044614052555
632 94.82884676202714
633 106.93839014529377
634 57.69969559515107
635 66.30446207641283
636 69.08469684463404
637 91.09621020883074
638 74.07908968508033
639 87.05406604351266
640 68.93712034155394
641 91.31551002504371
642 69.49113867700174
643 80.80732144842058
644 73.38096460872536
645 83.93726655707594
646 65.75514643738404
647 83.00643129589739
648 84.4446397461557
649 90.9579303125193
650 79.61521107577607
651 64.18967016392399
652 81.72753939935008
653 63.499873120995886
654 92.40279723714441
655 95.02147345197169
656 110.77783817718259
657 79.08136603536649
658 80.55056531959154
659 90.96853625034677
660 69.57344106966859
661 80.59876353986984
662 72.27438750293156
663 72.58557629680361
664 47.02035141944241
665 98.07220081102602
666 68.12829119278967
667 71.71437322471529
668 68.26857914641755
669 104.18630837923683
670 67.74136436901901
671 93.57572912524546
672 88.76728688381523
673 70.10310918285205
674 84.33934289696377
675 111.33345779732585
676 62.5626876166299
677 82.46436235484002
678 80.19283443641199
679 48.188793311310945
680 57.44653174354476
681 74.26601860358585
682 102.49193780795622
683 95.72515229138926
684 97.6272976126178
685 66.06377947441746
686 106.40921308040147
687 63.76255081839594
688 102.6307958003231
689 60.49117472297162
690 91.25643928894681
691 86.9612942145494
692 81.87664674588484
693 77.27896345669447
694 94.48759805201372
695 97.59433963858166
696 70.49388867196933
697 91.46941572013301
698 78.21423257835532
699 69.04928145172892
700 81.93476822408445
701 78.57440314510396
702 67.43228203194387
703 78.51432775343321
704 82.00006430268061
705 63.25395869185966
706 54.53072153217153
707 93.86588026417803
708 71.55354435545767
709 66.39549540497745
710 70.18359834264477
711 71.77966477262692
712 75.44120507305863
713 84.34774073154617
714 73.21660983386019
715 66.66397388342851
716 81.74581888554917
717 72.38394642076737
718 82.61972385785775
719 61.760031207781736
720 81.56841221701795
721 87.77797537149297
722 91.70110982778064
723 44.67673627738847
724 70.31782915508465
725 84.36144571743037
726 63.46330413905511
727 75.56540519527415
728 71.86070579457851
729 65.78319066167738
730 64.11704028877165
731 79.77680259203377
732 90.59531707302635
733 104.29933391884755
734 67.90432660784137
735 74.49866348666222
736 84.35969695323746
737 69.49418138601503
738 76.20375684266557
739 80.94737817057889
740 90.34037108305164
741 70.76486133511958
742 84.06597264857567
743 67.34191949192247
744 58.68715252397904
745 95.19097268174154
746 71.91291363323766
747 76.87989785816646
748 76.1940701190597
749 75.53646193754773
750 84.65269210280552
751 58.38655264238672
752 79.94733195865865
753 72.0728228134949
754 79.0686638955711
755 85.22529686718774
756 82.25224616382833
757 70.59904281773618
758 97.01228936171809
759 52.63253606683893
760 76.84532587004396
761 83.89772632548072
762 54.35884465486221
763 69.9339650225748
764 89.43518472324267
765 100.60447910507024
766 75.4289189174399
767 54.441198784779004
768 63.97628404313128
769 56.69701605423134
770 79.1582494553056
771 66.35014293861146
772 61.576623514214475
773 108.72919765408963
774 46.25752831165352
775 60.13512931197442
776 79.2622633994062
777 77.61242133862716
778 84.63619105966075
779 91.67229022395875
780 88.17675662979825
781 48.140592018470215
782 48.09795866050978
783 83.8933114602766
784 71.52372049091464
785 75.36200744486783
786 73.11457795209911
787 83.25246417443527
788 77.19167478133781
789 73.76798993479655
790 78.09039782643984
791 70.45898752855355
792 69.01174689870359
793 96.40850774049777
794 89.74158823569076
795 74.26831830176728
796 81.7727934588309
797 74.27686131204837
798 79.18312130242333
799 77.18144426124742
800 95.6434600768156
801 65.43000594868892
802 78.81763694604476
803 89.4724559731963
804 69.13018506972271
805 72.34093697101245
806 98.53764782051833
807 88.42252608367151
808 76.43870327622035
809 70.12656654951107
810 86.99008790703031
811 98.08521002385642
812 56.61620658605042
813 88.67883475663265
814 63.689302911158954
815 80.5232035136342
816 83.04518292938859
817 58.02641897177929
818 110.43907579329343
819 100.53244525854521
820 94.21944050465214
821 86.9494513641567
822 69.17889602878624
823 54.75063708033458
824 77.07359984937067
825 103.9760326870776
826 86.26904482595356
827 87.73137989779411
828 69.98478904633036
829 86.10536726267529
830 74.47181680753108
831 66.10140137992506
832 87.5882759289087
833 90.90368511612006
834 75.43641832940502
835 100.75652076238724
836 84.54960347678421
837 92.17928889611527
838 82.02026117548711
839 88.57982542069102
840 64.36424396446368
841 87.85020661381907
842 84.02405872696085
843 92.89539819280819
844 66.4755270744867
845 74.70344271191931
846 76.60138576918871
847 71.86082060728506
848 85.11054701508411
849 85.56721762165986
850 60.37797635339257
851 83.13516736796524
852 64.78916952312093
853 92.41193396485299
854 86.2169347324114
855 88.40811612011123
856 82.95172174384076
857 69.78582598227949
858 68.69490456340851
859 84.51397128622614
860 95.78248375159531
861 78.65948896574544
862 61.47828948817337
863 110.04014412976936
864 104.30763823900631
865 56.31010207842743
866 85.38713896688621
867 72.03448816179524
868 79.74493648513841
869 73.45717070200568
870 81.77024613668479
871 83.3419651176055
872 60.8243187111782
873 77.15190517109652
874 74.09074616769776
875 69.98264267591968
876 72.42152135355762
877 76.64361764643489
878 80.447646640638
879 99.4698316103438
880 82.50462501192996
881 77.9390023465955
882 96.48103923369548
883 66.50337033936634
884 96.62145614380259
885 94.69426920962667
886 75.43199089677734
887 60.342183747717094
888 89.81121452046202
889 82.41443026251193
890 74.84375117838906
891 85.89622526051514
892 75.05679537658612
893 71.17112640192789
894 79.97440418447599
895 89.45356670753354
896 72.40439890620735
897 81.48029434012308
898 85.09378130739731
899 79.48561468503196
900 78.58817673949396
901 75.73528429118687
902 96.49286929590777
903 68.41774557153722
904 76.36746834476652
905 67.91963589309124
906 65.02704803676372
907 97.23470285261484
908 66.38902359916976
909 98.01101208283048
910 77.20465487151648
911 74.21301482975944
912 93.22585372077047
913 85.40921175336894
914 86.09493168457065
915 71.79403986291322
916 81.02627062231853
917 93.9139987150238
918 68.8045832164922
919 54.34315449342685
920 82.01434078551037
921 78.81212376189667
922 67.05945207370837
923 83.02542445092924
924 73.35108058043683
925 74.79781783303085
926 81.41587449164446
927 89.41304212857662
928 92.68894526246504
929 83.01234575186857
930 83.53523754018946
931 71.68629036362276
932 74.2712110593599
933 82.42404215017716
934 79.78647676165262
935 75.26240791366851
936 62.43244481745962
937 67.23877219459965
938 77.48997642648621
939 93.15828205096376
940 93.53025498494617
941 78.48962754836066
942 80.29701642729914
943 52.46707064780338
944 76.60260014585269
945 68.3277468968432
946 65.52139135209788
947 87.30021739169065
948 58.79867060036416
949 95.33231094757646
950 83.0600478211503
951 82.62742116697243
952 58.91030963438984
953 90.32998542204388
954 70.42619495319018
955 77.96599686582088
956 89.09628866923013
957 92.60081695091434
958 90.10520347634335
959 45.9448098841383
960 65.39537435414584
961 80.64645104101865
962 70.19702929844003
963 81.62473265433667
964 52.98809529016035
965 83.91786154110497
966 66.85879692265343
967 56.23435935499979
968 84.02117252222418
969 50.63807973603868
970 82.23220759576937
971 78.53890640474114
972 92.87273403603022
973 73.25201865190631
974 57.64947244607456
975 52.14164815643114
976 82.85939265462271
977 97.92422411126222
978 69.00786452545032
979 63.24572753592804
980 85.80213360582869
981 75.79819699528169
982 87.32571107112365
983 80.43504738734582
984 75.38258696385752
985 63.32287902137444
986 94.48742146225946
987 86.68981767427965
988 89.58113790305586
989 73.85112210376245
990 73.46568646941266
991 88.91152336583865
992 88.98424614331101
993 91.58259222193006
994 69.73601761315918
995 74.17968653298537
996 78.72532287205073
997 42.028408165415385
998 88.2213657860454
999 83.31319272604946
1000 64.40682228595108
1001 96.21795496396152
1002 93.61976543709142
1003 75.68041566409583
1004 81.22085894264966
1005 92.63362721807815
1006 74.20325238696832
1007 95.79304253881638
1008 90.11114646430144
1009 40.2017010890518
1010 54.0406767403645
1011 86.55495429852832
1012 79.56275730812142
1013 66.7938362745721
1014 84.09836455404711
1015 75.12826670799102
1016 97.62536456375128
1017 77.76003716194012
1018 82.11280443394293
1019 70.34546978176424
1020 81.97473797662609
1021 61.04249569937823
1022 89.84692096125667
1023 80.1266991475058
1024 85.46453597123478
1025 104.21052830315195
1026 87.19385693332521
1027 49.73746307098931
1028 83.28992525951402
1029 77.69749320970466
1030 79.63690290210253
1031 71.15682760078529
1032 86.9651254263054
1033 68.65140498089455
1034 85.93495668472505
1035 71.85535616475032
1036 87.93503772782975
1037 56.284753589404446
1038 94.9966890152873
1039 90.16422164910979
1040 68.22101564158713
1041 79.9417130859413
1042 46.44042255895629
1043 65.29828123518526
1044 66.92713666866837
1045 60.967518091355416
1046 81.54577639512655
1047 69.18882018483262
1048 56.694101134556455
1049 69.89018375211825
1050 85.39409268776258
1051 47.525303495984005
1052 61.66589331274021
1053 74.12286620202593
1054 97.83467772067412
1055 80.59437914186933
1056 70.7181235112049
1057 70.28095386784626
1058 78.90646326528481
1059 104.72715395991801
1060 108.06149660553947
1061 106.63480092973617
1062 70.07637486451193
1063 58.84831198059214
1064 74.67693301704276
1065 84.05473486185869
1066 50.53445723463012
1067 72.8163912776493
1068 84.237390304926
1069 77.59323417577676
1070 68.77534215689171
1071 73.75680261306833
1072 96.60565313308777
1073 86.79934964452508
1074 64.97039961131979
1075 70.41863047948631
1076 70.2247302043702
1077 93.42671517397417
1078 52.276351952490195
1079 101.19526516687324
1080 89.78877933838892
1081 47.013176024629864
1082 82.77162587245321
1083 63.12514197908649
1084 91.75314537248734
1085 52.10934539144348
1086 76.91206620311009
1087 80.5310639925686
1088 76.28886247379651
1089 67.81101915358327
1090 98.1015324658416
1091 72.89173387805273
1092 75.73556371686458
1093 78.10289539436157
1094 71.43883840060649
1095 75.21900734512185
1096 68.03529947262513
1097 72.10766055967066
1098 57.70823038078797
1099 92.66652131312249
1100 86.06283346531347
1101 74.8109474279595
1102 82.79032551951191
1103 80.00429948983701
1104 52.09008285569305
1105 81.45979739835123
1106 71.71220634656608
1107 66.78266281847124
1108 96.75700368902935
1109 90.78996028465191
1110 89.64011419011436
1111 78.51349248764726
1112 95.36863632965519
1113 68.91354835309427
1114 60.53300908474234
1115 55.03882478600658
1116 81.71444483403047
1117 80.96706226352795
1118 81.22336891627481
1119 66.38131215459151
1120 65.4831694031119
1121 81.17468856760081
1122 64.8635329633944
1123 66.3304114436139
1124 81.39537101230242
1125 71.89562084424655
1126 77.10828441531591
1127 73.52412265757802
1128 63.90795881695781
1129 69.14258494999956
1130 67.51753752075989
1131 60.80920333788791
1132 100.58887097131115
1133 87.11316839829313
1134 92.07495312771468
1135 91.51005663833685
1136 94.93755330177308
1137 88.44464094859302
1138 63.33297646884436
1139 90.82171021080806
1140 96.26661848249722
1141 76.05726566167448
1142 74.24758664260804
1143 53.54070609170197
1144 75.94257382264797
1145 52.550222175354406
1146 74.31474779777662
1147 128.68124183541264
1148 68.31685711506145
1149 76.97692447475484
1150 78.53456144902596
1151 44.75663151900236
1152 78.47185285387562
1153 68.4254790304118
1154 73.43130993703716
1155 68.62674101404943
1156 79.0550178139442
1157 74.4565618888594
1158 73.8828927999705
1159 67.3455875275434
1160 79.68321106475805
1161 86.423237228235
1162 72.48171937566248
1163 68.42172206776345
1164 100.77148366636204
1165 80.95247719564223
1166 63.8694023744179
1167 98.36120589111941
1168 80.13108057591143
1169 67.2659695156579
1170 67.88150852075674
1171 91.95932304183529
1172 94.73635092573686
1173 77.93876764542576
1174 66.72806741301034
1175 89.36541436769762
1176 81.3269027028776
1177 92.43529457415038
1178 77.02663692511416
1179 89.65452993522318
1180 86.61682363660037
1181 77.99528904381594
1182 84.44051416962142
1183 68.006710628406
1184 88.65433598771362
1185 85.2049173330131
1186 84.8616867903716
1187 95.92669975700068
1188 61.43277896053987
1189 68.10484628403496
1190 97.50637992670038
1191 76.69584855872034
1192 65.32726028164377
1193 71.30764909611509
1194 56.07867973738123
1195 83.67874064960442
1196 99.87767449920491
1197 65.79867479607455
1198 80.26901884289734
1199 89.359956792686
1200 44.22192426867553
1201 76.17280692130335
1202 75.93968835436355
1203 84.76471784117275
1204 71.4418894580009
1205 78.6669228805993
1206 62.670260488902414
1207 101.82911549299601
1208 101.05372216742207
1209 72.77065823684997
1210 84.24561521083994
1211 90.16404088428243
1212 55.96377661278633
1213 79.45923567170635
1214 74.71068997379797
1215 70.69914558028692
1216 72.34388861778227
1217 61.99615581657201
1218 85.18849834271002
1219 80.32268208672595
1220 81.53632635036627
1221 74.30170495540851
1222 51.18651132965255
1223 84.6728755424494
1224 81.68687573707386
1225 72.15721451797546
1226 60.60584959773772
1227 94.05580451841418
1228 56.53823224621306
1229 111.30073644022016
1230 99.84787537681801
1231 58.12651506267674
1232 88.24089166597416
1233 76.82241713870346
1234 91.85352564785897
1235 88.1178598371016
1236 88.66163027860199
1237 85.52292721174626
1238 84.33705822008567
1239 92.64832192296633
1240 78.58969186487201
1241 72.45797164420145
1242 73.61503052649324
1243 66.57988222005906
1244 74.02158303980121
1245 63.73689993009474
1246 80.52618118133385
1247 89.2462656730411
1248 82.9438608847667
1249 75.35058571360233
