0 96.71484396275204
1 126.0821097596896
2 82.89336510936255
3 101.04047242603525
4 115.77317321719363
5 114.92152632793444
6 131.98190311962307
7 99.97998665382433
8 84.64034279126497
9 110.74741866022396
10 108.10454895520256
11 102.56594188037617
12 108.32721244880254
13 78.91969560782161
14 138.2120684061707
15 114.82215261751135
16 110.85790267330418
17 120.59184540184296
18 105.93013522403668
19 94.68225419943631
20 94.59199167828119
21 106.66721816323657
22 86.46787661872742
23 100.96857459829951
24 113.43906700301524
25 84.66556383742775
26 118.16243889035172
27 92.10557334943275
28 83.01817223740628
29 117.15625420663164
30 105.86350601593388
31 93.64010753954717
32 117.36802845936134
33 117.9270153271536
34 114.44306834028151
35 96.95234864402643
36 98.72982975687778
37 101.03150122849152
38 74.30500463559096
39 114.70199926708392
40 84.7242144221865
41 96.42974146727035
42 137.06683763864922
43 108.65661178377349
44 101.97659688692099
45 112.97647380351194
46 114.34248188781292
47 99.98874681246299
48 91.04319805718889
49 122.72913732488963
50 138.34120239098812
51 102.62641065083389
52 112.51173927522514
53 103.02430610297075
54 125.89438131070908
55 77.55217738114405
56 104.66672797404702
57 104.487045433306
58 137.4380447011598
59 94.36012956112654
60 91.78582729622401
61 127.07172530819867
62 115.57254313845353
63 99.8444571803557
64 136.54626069546754
65 75.18493229257336
66 134.75818213521762
67 123.77574890389506
68 129.9290663158593
69 92.5759875087967
70 100.99738779441704
71 90.20524766597511
72 109.19763920479797
73 80.78368702917082
74 115.09912499349308
75 98.25210955343124
76 74.8355064628083
77 89.41902262903677
78 61.44253217953918
79 108.99144887788734
80 133.27616290535184
81 81.48947063975231
82 81.37228777139569
83 93.0851919142323
84 117.75319389717005
85 84.23020164610972
86 125.97930129920142
87 93.98062816659139
88 91.40032713603827
89 73.54414628459291
90 108.90871206414121
91 94.26489414750733
92 87.866170552048
93 85.27267648857375
94 111.76067004019527
95 106.83403578907833
96 118.11513974992509
97 121.04818495882891
98 113.47545387844005
99 95.93121967298573
100 121.76695540128435
101 100.72766914203481
102 114.41293526464365
103 100.74999803595716
104 93.28671702611075
105 85.25280548882459
106 87.36622706914441
107 131.7813745668193
108 103.47755867585794
109 99.40514686873796
110 135.8947670733023
111 123.7279522644461
112 109.03749568317225
113 128.4083752583718
114 91.31030828432063
115 121.04004274956846
116 95.44607848832216
117 108.05017953607356
118 113.6218201260903
119 98.95697547148333
120 100.91663866264786
121 112.59158465323513
122 112.46913224424651
123 113.24912562028389
124 118.25662211939759
125 100.11188371889797
126 119.52439972905132
127 91.37185759941097
128 113.83637602648051
129 110.98743635831504
130 137.7907571528728
131 98.90853707373273
132 127.60348461687983
133 94.43111548668256
134 120.69395563808472
135 90.48240272720085
136 98.01970835424152
137 94.02298856669326
138 112.24687232243012
139 112.49455847419276
140 140.81083518814276
141 114.25019462262986
142 95.6685115772604
143 113.20617901098453
144 132.21009555036946
145 89.5137111873206
146 134.6014245780998
147 89.93996919799326
148 107.42957239183698
149 113.55113029455943
150 90.18240037956235
151 96.18162663965975
152 87.05233783223952
153 83.94112707381699
154 115.08929991695625
155 80.57498488510272
156 122.84708909106175
157 96.63412197959084
158 101.22547283185602
159 139.22032533247042
160 111.6661105293482
161 109.83891979728513
162 106.79711077476591
163 101.82899119402389
164 124.62285192670456
165 129.6686956654287
166 73.38829713854591
167 49.04795919139466
168 125.44074202950054
169 124.81172918464777
170 138.27213183467052
171 117.85868648902067
172 111.66594708145462
173 113.88859587470021
174 115.52796260842585
175 127.68130367735017
176 116.59743338657123
177 86.99681441600504
178 129.6158972699561
179 103.36655807079758
180 120.86697789514018
181 99.70926031759065
182 97.97411818450273
183 104.68386853979463
184 88.63181159078066
185 110.11565147625717
186 119.12152346648757
187 89.12674150936459
188 101.11516284157779
189 110.42718808035009
190 125.27705426514024
191 80.57441723971019
192 80.04944003236707
193 124.31829001837235
194 112.10634115877009
195 137.12740872387096
196 72.11586126472515
197 124.40581623208118
198 109.44410352108285
199 107.78628672808681
200 86.62767844286762
201 104.42698387197558
202 93.93278204339704
203 133.450969437344
204 125.6208725754248
205 120.23535754833769
206 113.92875673991604
207 116.63416792555238
208 87.18593976262466
209 84.5167792645229
210 100.7879283056848
211 94.38283245495708
212 123.9384500015541
213 95.64389888601849
214 114.2315108385429
215 98.99896767313098
216 105.01749589415707
217 123.27010896683109
218 110.84431652681172
219 97.72877933542468
220 148.88124791829782
221 94.44856423851176
222 97.03546602871387
223 105.65168225786707
224 137.6784545637348
225 81.36929526020498
226 94.98673033609768
227 110.0061699990741
228 119.87854027458606
229 65.24670489887326
230 105.8615818446298
231 85.50167464851586
232 124.6303453670454
233 108.97823657948054
234 108.67803572757065
235 96.2360428341292
236 123.04586301885206
237 90.39773609526266
238 114.71181349833587
239 105.94995425555982
240 118.6624887128873
241 100.46809708645733
242 131.18156547059016
243 109.79152209344805
244 117.57594152181744
245 110.44727994183253
246 83.23738248351034
247 124.31920098209524
248 129.96480124612305
249 106.61199498651334
250 84.14466283490376
251 121.20945250564904
252 127.81168426794366
253 91.0597125905883
254 94.78531489073
255 99.11661422823587
256 148.56178338993598
257 106.87719125791095
258 99.39536119715922
259 113.60413747562723
260 138.7999555780229
261 71.19947854049228
262 114.58244257066534
263 109.38361832517548
264 116.16061333860038
265 95.28746389694672
266 114.26317357777368
267 100.39522280697783
268 101.0717565647237
269 131.63083128218707
270 108.62077960668127
271 115.81244043623357
272 125.6221665588134
273 114.40015483481959
274 110.31481481683967
275 89.27816236232103
276 118.58579357461575
277 103.27536565768925
278 126.45314952250746
279 102.61715446857585
280 95.77114175192078
281 92.9465541570441
282 134.68155936807645
283 122.52637807715386
284 104.7388558436541
285 120.09806939051236
286 85.16948210634446
287 116.99098128167701
288 97.67966862164835
289 117.63069222271216
290 98.87606620712575
291 100.64937946433201
292 114.90735201954362
293 106.13575604766545
294 86.92292415585322
295 71.98522360611857
296 102.40449428116081
297 114.77482862925655
298 157.10663023661357
299 106.19785476304729
300 135.63092182195734
301 123.64712535405646
302 103.76554510365098
303 82.4597165462231
304 103.79260666047261
305 118.18973866897825
306 86.46706202921956
307 115.97329947711742
308 126.72928593627195
309 117.06761027485855
310 89.63421490939344
311 100.78473738133292
312 107.96164257789862
313 111.25960677811833
314 115.06349732121268
315 77.34690542885795
316 124.96764359862954
317 119.62762263939396
318 135.71245445384665
319 120.45376207929439
320 129.2566022980726
321 97.17095500044604
322 122.66938992203566
323 107.37361820052647
324 100.54342469048096
325 115.10440884081592
326 106.8395575312803
327 114.26506387239928
328 102.22258241321711
329 111.38934093240302
330 93.8781700308808
331 106.75371544040146
332 98.66803111429303
333 103.10841028972159
334 92.75872857873009
335 114.36596474267215
336 96.62012180141315
337 101.47955861597167
338 104.78957933437157
339 121.20475470748147
340 109.31369392296695
341 103.97243204364007
342 102.92785872710486
343 99.82909538449573
344 142.1649349895834
345 87.73197642148952
346 88.97838596433246
347 98.18098899147743
348 100.4333238276656
349 121.60058427030326
350 109.25331227219895
351 83.32015949217613
352 103.12432587667041
353 117.63715458401502
354 120.14079781405937
355 105.973199429162
356 103.72215789635216
357 93.32227370832543
358 109.84216862672129
359 116.98417855289296
360 94.68099887611488
361 119.5678955375382
362 109.32060829744472
363 107.20591146786363
364 106.68755969863959
365 128.81279430178722
366 107.77828652475282
367 121.39017061774652
368 124.26142747826724
369 113.30504472014323
370 85.2015656576715
371 73.28762249418634
372 123.16967348341274
373 103.14868015917882
374 117.41157933396703
375 109.2631585973701
376 95.66529657674629
377 101.47673377436746
378 101.73749115997386
379 124.6791570546381
380 106.52978288596404
381 96.45177975736225
382 109.89635335681479
383 119.7243951061974
384 78.05105382872064
385 71.42567912312474
386 113.0686849946775
387 117.27927568547491
388 122.13507011080615
389 91.15568601874602
390 107.36781229762273
391 117.71457276439962
392 117.58624208028422
393 107.26781517852721
394 114.30746588446002
395 120.93992681797646
396 107.43334709577957
397 110.86548351564856
398 106.08388318634987
399 122.57738818519366
400 118.56934972745533
401 115.01407964499073
402 112.25300050670208
403 84.41630253971663
404 94.50401807365287
405 90.07142456268855
406 120.29501755395847
407 121.96626449831012
408 93.49973893474235
409 92.44402367616132
410 119.29428809505312
411 99.00464198747561
412 109.01241462016607
413 124.47379587992744
414 121.41036273117332
415 96.21695689553049
416 103.12207759204372
417 107.64955399780871
418 113.81012742502388
419 104.37265439144775
420 115.66497869171822
421 107.09257817999726
422 116.0832623464252
423 106.4167141649726
424 96.65494248822156
425 112.25243986911394
426 105.53829761999599
427 103.01860291781036
428 124.97968241306243
429 116.09888676958604
430 96.63360966708939
431 89.88016167236577
432 109.38899360964125
433 109.83080605401344
434 81.70001637189668
435 93.04611884258046
436 127.30733030960164
437 114.50844624619934
438 111.77518808680522
439 115.19263019623543
440 110.4636240445065
441 95.89049918820653
442 116.40166418096491
443 118.16028528646737
444 124.19891812722891
445 95.38937702105389
446 94.13866479457634
447 111.56218232904317
448 133.96425282313913
449 126.25043956423606
450 133.0087743302715
451 94.55993009421468
452 115.215763717409
453 126.0538001311791
454 100.75376932064432
455 99.54006294564014
456 112.5730658221878
457 131.1051972289333
458 156.4183030402529
459 75.94338181603429
460 87.58143808370042
461 137.180896934875
462 108.9357516000361
463 111.59957897025643
464 118.11543999766671
465 119.52323535532646
466 125.55037760296084
467 138.93109913500587
468 102.40452439321436
469 129.77962673702424
470 79.0698784636436
471 120.02256093982759
472 94.64222261386702
473 101.47633155536676
474 142.45201352131306
475 126.46516724079615
476 123.25510354114249
477 97.07118291433923
478 113.23525248847704
479 136.49384608018175
480 88.66918612724629
481 105.30575757949892
482 78.35418753605039
483 92.01869003115466
484 112.84362441992886
485 121.95620703851654
486 86.82018171860679
487 97.75528711000142
488 112.47569921963934
489 111.14981029892837
490 134.04647755490845
491 114.19864319254135
492 119.39471321816022
493 126.55848639927306
494 123.41323510574121
495 116.60974666749195
496 97.21704535999558
497 112.44475552403317
498 105.52482910469841
499 121.75546501752872
500 87.55630074916976
501 102.34379741871275
502 117.19319696181316
503 102.5482942253734
504 95.19433104657087
505 102.85019482361415
506 118.0749193493086
507 87.2534771980575
508 109.58765074178856
509 81.45361747013438
510 132.22324327821474
511 114.71300599024894
512 134.52422900854967
513 84.53690264217308
514 93.27794793615189
515 120.6194773585613
516 90.35549091251518
517 107.66256137475632
518 140.70399880829686
519 91.39170189493399
520 118.5861490572921
521 89.39286938385489
522 105.66803419022077
523 110.22999888395857
524 114.54710899465593
525 125.45474105624788
526 111.80789871489725
527 92.95011494949519
528 90.25536315558409
529 118.21003321059597
530 104.5656538411292
531 91.25050425645776
532 101.96817717710232
533 121.84918456972092
534 86.86783555048497
535 136.3431677420105
536 78.67695069855631
537 135.49657829815186
538 92.70594714975007
539 114.35811791559186
540 91.86071813225425
541 104.5859513895921
542 138.92200842840828
543 100.9664039740131
544 105.80460479902328
545 133.25125231592628
546 133.40491217716576
547 110.77834117923187
548 95.95400927002433
549 86.41540510695006
550 132.12958334553093
551 93.02716013257293
552 137.28479603271273
553 135.35947002078007
554 126.334929473561
555 99.17939195159238
556 114.23699631560953
557 95.96784529031378
558 152.64171206401915
559 147.93115173266358
560 117.6048130849471
561 114.9985544965018
562 110.66273549908895
563 116.84093209759739
564 108.20262368884717
565 154.19124480311197
566 96.87954746037686
567 117.48809947214347
568 108.99805114854459
569 114.04615298315991
570 143.7492348260973
571 115.71634821959721
572 94.98086691761212
573 129.50265402161938
574 98.71976937073002
575 126.74024743608547
576 131.99828320794344
577 116.61928284771385
578 91.6700919861041
579 114.33067539140023
580 117.9406026530446
581 142.00464011528138
582 123.63473410606633
583 128.88393854914787
584 99.92093221148579
585 114.34870349823254
586 96.55305872571894
587 112.15000724307706
588 129.23080061950256
589 107.65645144868374
590 108.86735423853487
591 135.36019487928547
592 106.58382648195334
593 100.12961776118513
594 108.04339352202467
595 103.6998967985383
596 118.55316624895684
597 84.97874098860491
598 90.94889207975925
599 119.62557108236004
600 112.79063490280586
601 84.7480522843588
602 114.7796511196467
603 112.96040666516986
604 98.27819337177434
605 99.98051360474417
606 113.79528217813994
607 103.88407117254867
608 94.24118684093517
609 115.88424958756723
610 105.0774733197289
611 100.1642629907275
612 115.47488661512308
613 115.82866649700371
614 77.38025876661423
615 107.63984486921949
616 104.17794072312697
617 102.3348239753155
618 111.97372765074037
619 92.32573985479249
620 121.71148549826742
621 116.61446588108332
622 93.9416400439733
623 100.74432695211551
624 77.0610156107568
625 99.69405527970197
626 99.28929777276639
627 90.88517186307227
628 104.87390624233946
629 132.77231895730213
630 86.38448256872279
631 78.735813905825
632 96.81044334696543
633 101.33787358243198
634 117.28495682645853
635 81.60235747408996
636 104.77522875030381
637 98.22714180314742
638 115.31267889735126
639 95.93743769094569
640 124.72302846705469
641 111.78074964583374
642 117.8714901612806
643 129.7714101158199
644 129.59519658645257
645 116.99561647872703
646 110.37225202952669
647 120.83126787727426
648 113.66883460841295
649 130.52949071808354
650 103.95439995434354
651 115.6990325351856
652 102.45837439419056
653 94.0553453966185
654 97.36570979663998
655 113.15268719837306
656 118.86624664316345
657 103.21604732309925
658 116.17836488127884
659 89.75406372265242
660 107.99300343250255
661 107.8145809055572
662 88.85412031410259
663 105.98051212973407
664 98.65883354766336
665 80.7328541732803
666 121.7826466997095
667 104.79100648981718
668 95.1555915853425
669 110.15507091406465
670 91.22516397321616
671 93.03528077451554
672 114.17075175114367
673 114.36554473103602
674 99.69600604059659
675 91.1009626088299
676 119.69807711419188
677 86.52952380134012
678 96.34166209264183
679 119.58044700388122
680 95.79088980761081
681 116.17435998535893
682 129.40296978170403
683 145.78872907964498
684 119.86454847433383
685 138.32236212673095
686 100.0646797379806
687 93.96770969892111
688 114.97253538163243
689 110.12842839720976
690 122.63812267140217
691 106.10073544783972
692 138.19680166277666
693 114.89467901523267
694 105.28054382758482
695 104.31332102778737
696 121.66215744138135
697 105.15223934267645
698 132.2970101795277
699 120.1643510002211
700 105.67836235054322
701 79.33776004526133
702 103.49460666275219
703 122.71595002831833
704 123.51315737165974
705 98.23296018681833
706 92.1665220096335
707 87.21465643416576
708 106.26252473323703
709 130.61227828882556
710 113.13234851691938
711 112.24913400257924
712 117.55074244140968
713 102.10036033085166
714 97.62561122092804
715 110.44424095979791
716 118.66765370856785
717 118.4807002018029
718 132.89392023269536
719 111.35256326485245
720 128.73992367321037
721 89.37574448479286
722 98.70475219875688
723 104.13138429372171
724 136.88002783350282
725 78.72776066529292
726 124.67344101633131
727 119.40850234943753
728 102.01062796078223
729 103.07966008487494
730 128.37030679076975
731 101.15279946622485
732 105.81407941383685
733 129.0530241134773
734 88.97173861193998
735 117.97306513798755
736 107.08626349467825
737 99.87897320893742
738 104.22430775537556
739 107.75369810970324
740 96.38370398686949
741 78.71456546603866
742 92.45002002582953
743 81.48906318938035
744 119.38361610135593
745 122.19300271847095
746 97.70686319960939
747 129.47178596035448
748 99.66619332429867
749 121.57751865755093
750 111.15857514676767
751 108.77669215316861
752 102.12655960403913
753 107.30797563886597
754 117.09469827232802
755 102.2522715330996
756 131.1493127999764
757 122.03164024303017
758 102.38256689363138
759 124.13954623358234
760 110.35087177298021
761 93.68352206297978
762 88.0600850003818
763 127.24442573298253
764 98.12945539772575
765 95.26532733145318
766 101.1514878284273
767 104.26038793888168
768 122.91995597857691
769 131.96345187221488
770 140.55194593633914
771 99.53262992550869
772 103.11528855773524
773 114.21720511228669
774 119.19751669882197
775 92.00472580499341
776 119.67696051453633
777 104.21499400678819
778 125.66156992425924
779 119.80221230143137
780 116.02900023577722
781 112.53902021078775
782 130.597767343835
783 97.02664366250004
784 124.38722305169675
785 100.44713687667263
786 124.33197812422104
787 113.61068439779481
788 138.1161382520661
789 130.25065085490394
790 105.76410197114333
791 131.2236425872279
792 112.90916097763935
793 122.77974282463147
794 98.46454002379865
795 109.22429404772498
796 112.69079584721926
797 100.83233803502596
798 119.22645608007375
799 103.14310371798082
800 106.59164487305087
801 120.95726193794017
802 114.1622904634667
803 134.3821872686646
804 125.79239900360861
805 100.80348354241166
806 135.20217440652112
807 102.34461193051011
808 109.07714771525607
809 127.2884323831724
810 96.70466420103767
811 96.17829551801915
812 92.71012765672434
813 122.82318374016627
814 100.76170114054658
815 108.15693393710477
816 127.99731473226647
817 119.24857548158168
818 118.65277842852292
819 107.85971874243236
820 94.38820153698504
821 134.6766652308175
822 107.62012853710448
823 114.53555004165695
824 98.37613598366208
825 125.93520010335115
826 108.23355893134107
827 131.63715600991705
828 115.43014781002775
829 122.50262584950814
830 90.91917558357972
831 109.44387004279297
832 102.82781793983817
833 114.3709597878037
834 108.591861129592
835 121.3070901407441
836 105.16278634323132
837 120.36191294461842
838 101.033541298559
839 120.16896182647626
840 124.50203198078894
841 120.0829015701385
842 110.24708753905034
843 112.57548910776549
844 121.19085957451132
845 103.77524249381557
846 92.61013344302066
847 99.90855555915444
848 128.6273440246312
849 129.37149074548518
850 101.17110421953568
851 107.75558377959645
852 116.49027847818087
853 121.54795423806411
854 111.72919338300363
855 99.8029228849295
856 88.07757770408936
857 102.87448846982225
858 134.8189862232149
859 119.20577943068778
860 115.34182732376136
861 110.71397940465945
862 91.19720092852879
863 98.49596783910421
864 112.43926939048352
865 124.07729198215699
866 81.2994042908935
867 133.9433111698328
868 135.9439751600794
869 123.36824089426639
870 111.83322040562473
871 112.88184892598663
872 124.14599569636978
873 96.49455355079103
874 100.69631966510626
875 111.30758509378641
876 108.22880274749075
877 78.20574459150046
878 109.07897116326221
879 92.67240797005338
880 117.06194683278264
881 118.34507349111527
882 107.69788335729295
883 103.95690722134665
884 90.80572177558291
885 95.51877137116318
886 100.78639541041738
887 115.38243581290513
888 125.61096708992707
889 123.4063725713996
890 96.872404036854
891 91.65945440529258
892 96.3418864560485
893 111.96067444646809
894 132.65074583578334
895 113.32047062955407
896 113.10867632244147
897 92.8755718149981
898 95.66019101530928
899 138.401413113306
900 110.26231887120507
901 98.4022174349095
902 96.1059458435231
903 101.67826674746237
904 111.2974816756114
905 117.08537046042048
906 110.30295367082444
907 124.45360839263981
908 119.04135555963818
909 117.34354095769147
910 106.66438919122857
911 82.61997798213108
912 125.33902994140345
913 132.0837110406326
914 146.28622839662088
915 140.59166010325245
916 86.8084066304443
917 118.19266094917714
918 105.50160865738847
919 103.50742596397907
920 111.70690614679073
921 98.63092934715418
922 91.71984429936631
923 116.57383340249238
924 125.07108367123382
925 105.45279368982922
926 111.33055431431062
927 98.88134086248414
928 123.81434121870909
929 86.56601955144995
930 86.00410871494392
931 136.3632226250036
932 112.3945592315164
933 109.76847139373595
934 96.85528961314807
935 105.79084191097132
936 148.61348915880265
937 112.47308857690447
938 89.57600708337527
939 110.28703569730419
940 102.92465510002695
941 91.24397548754003
942 107.76895888337502
943 116.64893722169909
944 110.80339152489489
945 104.32714483162285
946 84.62010825602489
947 99.0346040451976
948 95.16437037863922
949 98.73888419428927
950 125.89307736767627
951 100.92180337414301
952 129.34261637564123
953 94.3474550409863
954 137.2375829532276
955 105.70038232560675
956 96.58754861280006
957 94.75258209391858
958 91.57264113746471
959 102.72620992532372
960 111.26537586197297
961 97.61383615623288
962 99.46355833774022
963 108.88497230041138
964 69.12372806122858
965 138.00033108836556
966 102.76493640338329
967 134.85886015427852
968 114.23259588898094
969 107.11541362155303
970 120.1047548812398
971 125.07157483678719
972 112.10309346726069
973 109.12561380442015
974 107.13509754062615
975 131.54404394861726
976 118.27449731797535
977 95.10402763649739
978 132.3453853990281
979 114.40764310768161
980 105.56660259316335
981 123.62723019872917
982 93.74059933628658
983 107.02343154341354
984 123.44427234144153
985 144.21944262771265
986 125.41188061436658
987 99.44813028434582
988 102.03021745400659
989 104.81207034621015
990 134.8351451123773
991 99.97550442463618
992 118.13200052074266
993 106.52850405965634
994 99.69642734070267
995 118.90345613099625
996 112.11505710138682
997 126.47426356533252
998 103.99545800048254
999 91.99381989358355
1000 122.21473940303049
1001 129.66086163976172
1002 79.80651961794229
1003 130.44927886896153
1004 104.3190795087734
1005 103.27328405581447
1006 99.16023288363756
1007 86.1716043208719
1008 114.07846195596147
1009 104.21163109449505
1010 109.06311944600951
1011 107.78964523663919
1012 95.11974983706028
1013 105.38237272730235
1014 79.34061201386542
1015 109.95455311080529
1016 96.53516457222511
1017 105.12688633634868
1018 136.83963601375086
1019 100.2938836361991
1020 119.43688032642895
1021 93.75887857117952
1022 81.24057204518733
1023 102.3281051751525
1024 97.9363803323547
1025 112.52318806856856
1026 80.28401194232926
1027 82.59330600198749
1028 98.74791150387708
1029 107.92194591314771
1030 118.2633248758782
1031 100.66913521298237
1032 124.49181838909456
1033 99.83331107094962
1034 115.98150682760567
1035 123.22511246491663
1036 123.9293090477325
1037 101.92404499305138
1038 130.08019372078846
1039 116.3884795377676
1040 104.40289235875265
1041 116.55487694054193
1042 121.26760585672446
1043 91.39625458505496
1044 131.5417420906286
1045 116.3620215705797
1046 88.22937973682585
1047 110.42503523292045
1048 127.17913280514726
1049 107.39593891366047
1050 120.71173721279456
1051 113.52125573939364
1052 122.36567224504614
1053 113.57392457619328
1054 128.1964232507196
1055 117.0974274576216
1056 108.97747560984588
1057 126.86923018385734
1058 127.55176215902881
1059 100.56821648754085
1060 109.18761487223198
1061 135.13261587467255
1062 89.11884867516385
1063 105.72992126789097
1064 84.74685768083471
1065 111.06374057542385
1066 113.50334006497125
1067 102.96961003799694
1068 93.5418321354839
1069 122.03566834547627
1070 128.00589567845415
1071 133.8058231619647
1072 109.16578186615001
1073 105.48348694834645
1074 102.00156627488406
1075 140.03108311978733
1076 104.05231873513887
1077 128.70682765008755
1078 96.19615149235017
1079 106.26447440707011
1080 116.39756168769608
1081 120.99942528868358
1082 94.93123296714904
1083 99.17473451986262
1084 109.82795446625059
1085 95.0940630893949
1086 108.1621131549166
1087 119.98623348103759
1088 109.05536375324655
1089 123.46394198853665
1090 133.35755803934032
1091 115.24828108461583
1092 95.8079491450993
1093 103.85099247423662
1094 115.14659151265047
1095 126.75679513704576
1096 101.6144633946934
1097 104.63817423799628
1098 92.06006410483475
1099 113.96978498601493
1100 137.86324340952896
1101 104.35867191996276
1102 125.77629507337836
1103 103.32819385274776
1104 101.76898075863583
1105 109.07516876772404
1106 96.0913331151731
1107 133.6266730732757
1108 117.59874459023257
1109 102.43006779352288
1110 88.384485996875
1111 108.8411858894248
1112 96.95353107271374
1113 124.7297927069749
1114 92.20631970745946
1115 137.98643989542924
1116 117.72229671894199
1117 97.15324220215044
1118 96.67484481273377
1119 125.47970543077014
1120 112.61248741008417
1121 96.0952499425528
1122 124.72502185815219
1123 107.70508787221564
1124 102.88375240572059
1125 128.87653927007497
1126 108.8483993233413
1127 93.6241331725796
1128 97.21839562001092
1129 98.27799987360221
1130 134.37727886689348
1131 93.23765634993954
1132 122.35893283172699
1133 115.24790851686097
1134 110.64708212778737
1135 104.75805402402322
1136 93.17280608971481
1137 101.24042262215465
1138 109.5748640612974
1139 85.03764347303036
1140 101.98827664217818
1141 102.98995774176488
1142 95.2171505332869
1143 117.00747180816425
1144 108.77475371562387
1145 101.50284938644181
1146 112.43434638921605
1147 121.7069486523948
1148 94.53670905983164
1149 118.1826259261142
1150 103.44738832510777
1151 103.13492084505741
1152 135.37796039264188
1153 79.85693660584619
1154 97.2178410522002
1155 111.9529546040568
1156 128.52034382470953
1157 116.90634456204451
1158 100.33975827069642
1159 117.05399886110119
1160 105.35314896174734
1161 93.18654965291537
1162 121.90779223168592
1163 137.67724219002744
1164 104.52311373989382
1165 117.48506486709218
1166 103.09523607679786
1167 106.55102000843874
1168 92.80331699370565
1169 101.22951413508753
1170 119.29054244726152
1171 110.13895438581783
1172 117.14802345455817
1173 121.9863037274255
1174 113.77036328888686
1175 116.35112597337181
1176 114.91739248358397
1177 99.60546454082909
1178 105.97088554872468
1179 123.36511638965949
1180 109.82068679010796
1181 102.96692155991178
1182 106.40326046806534
1183 81.7315950642279
1184 95.91221447014385
1185 100.51751250706688
1186 104.27421014427873
1187 124.3445784821691
1188 107.55448779096028
1189 106.9634651363936
1190 114.43908955356063
1191 116.85583359537013
1192 94.72963289346902
1193 123.84922976636629
1194 106.96764510887121
1195 98.15146018774074
1196 98.41695830043714
1197 96.86874258157385
1198 87.01378668703168
1199 87.7009117338409
1200 135.41683613077365
1201 114.93901831005701
1202 95.81846536594843
1203 116.23580070047282
1204 95.25500826942496
1205 76.34378029527751
1206 82.37123828788182
1207 118.72351029660996
1208 114.05289484919652
1209 121.77284071328013
1210 101.15349888899634
1211 105.4539627874107
1212 90.47774492073398
1213 91.25015123345857
1214 100.45975677925189
1215 132.68948683193742
1216 134.53307588782656
1217 122.17121267526359
1218 98.38965090029616
1219 128.50074463999732
1220 110.0800676267612
1221 95.24121943528438
1222 121.52316629056358
1223 110.87802531841476
1224 116.79159981806954
1225 113.02569393391254
1226 86.74020747527196
1227 114.37256776581408
1228 103.51356039189608
1229 97.34111314199511
1230 106.10219219546971
1231 121.79102894792945
1232 145.98754292190887
1233 103.5316729086107
1234 112.17440587232385
1235 121.95638006375388
1236 135.33679634600688
1237 102.53739360749722
1238 112.76095958276424
1239 115.13041805946024
1240 119.27837913155652
1241 125.95753721141557
1242 134.6077101467001
1243 111.39817653098102
1244 104.16472345057159
1245 95.03951725148774
1246 96.9891059714876
1247 119.15439196374675
1248 121.03337967544817
1249 114.13665704475767
