0 105.43044236500907
1 84.52102132601067
2 88.29560496559974
3 102.2396219051842
4 97.66983898790254
5 90.16581393030289
6 106.81833855700812
7 90.02990560508806
8 97.47744381962087
9 85.18629499057315
10 93.33724184604614
11 95.85048693267925
12 111.61373762449233
13 114.40391289539551
14 101.00716196936712
15 93.83546465674908
16 101.03910263900275
17 94.8958463126628
18 85.67623375915272
19 94.88361389602153
20 96.29978697023215
21 101.19868443442269
22 88.18051349196293
23 103.49781285702741
24 89.22681600052297
25 104.70838905678754
26 78.09857578446382
27 90.11446581517279
28 98.30855295986747
29 92.68114272100081
30 92.338884717575
31 102.2101503122859
32 102.97415017931657
33 97.33409712301464
34 99.05293127452322
35 94.0090739552461
36 58.60560180538374
37 89.28117890496303
38 86.40669883563183
39 96.83683430860066
40 88.33439324356745
41 103.51508543599662
42 90.84458711118155
43 91.84891538701908
44 106.76523593372069
45 91.24849337569958
46 100.13932426757624
47 97.82658279795366
48 95.23343038257435
49 101.84911814432688
50 94.09012703676794
51 99.37323624278748
52 99.11247494440799
53 100.97121377733473
54 108.22283693371276
55 104.3369214004013
56 96.2856040384975
57 99.69521516023443
58 97.79765152263982
59 82.95785146346559
60 106.18330577603216
61 100.92605591284091
62 100.54856882592269
63 87.57051399976991
64 92.91629466505397
65 102.8803515882879
66 103.34722958052257
67 99.49914967770717
68 100.88228836052528
69 99.3151460453609
70 98.1181987190842
71 96.86452024102161
72 98.46769845251282
73 98.09318857672947
74 96.28647143271591
75 83.34819495980918
76 101.0451588520567
77 88.06000806148279
78 102.06657496356934
79 93.95437199927694
80 101.01157247338092
81 98.01636944943182
82 90.24137745287943
83 104.35600191720279
84 87.90843023007601
85 72.93598653527921
86 95.42911861662954
87 87.93017339077187
88 103.96753480817446
89 90.40694505569893
90 93.93563754900315
91 97.86806240212204
92 101.46388906207459
93 96.2620204595358
94 94.32574044708453
95 74.63957318335524
96 97.71026298121977
97 103.28008029758627
98 88.48601793048678
99 99.3884438637279
100 81.61017957254703
101 94.48833358530716
102 95.62440232505118
103 79.89737591845676
104 99.3772791240768
105 73.41689533898486
106 101.75825162930681
107 82.412513192802
108 104.0029524389039
109 85.63276857992872
110 97.57618097668117
111 98.44123174543164
112 97.49765045190595
113 83.90032304766503
114 92.27403057055159
115 96.28669917095046
116 104.10589454756817
117 95.1267291065686
118 91.54746840322
119 96.82190155676678
120 106.03783640995667
121 101.33223510641486
122 101.14092589388554
123 88.18469324995154
124 105.18931400103389
125 96.8123990420231
126 89.62565946380444
127 101.22518160888806
128 112.3452017876505
129 108.2854417861317
130 91.4597158603626
131 97.8760456369433
132 100.92673230542262
133 102.9127557356827
134 98.43166375225947
135 112.06760371026036
136 109.42225188314822
137 107.66449261992217
138 102.05202663775167
139 101.83072521785576
140 96.81930949522645
141 89.11602706828799
142 100.48458850429783
143 91.10879414410518
144 109.59409884571491
145 89.79271155086137
146 107.08080793523534
147 101.52436544773727
148 109.11480941087164
149 96.95992958517576
150 111.75174748860705
151 118.72570679144117
152 102.48571528539246
153 104.1179851651476
154 96.33060716723587
155 92.105379099539
156 87.67609292605708
157 97.12692755374327
158 102.72063838302431
159 86.88006510620647
160 117.93606317703396
161 85.61634887435835
162 90.20301378242509
163 103.55464772576572
164 94.29290779337349
165 101.86106341877225
166 103.46778644413789
167 94.0711268640168
168 103.72534363861152
169 103.05088834256479
170 105.46580485330713
171 98.70660257698944
172 96.12262298522954
173 103.56325414186283
174 100.8947706194513
175 96.67559321555838
176 95.97505274994234
177 103.39231387554743
178 106.63627138235094
179 78.1648913658413
180 90.15603518995952
181 99.85004135021545
182 89.02333066587533
183 103.9486224821869
184 94.82170639448071
185 114.65509841218466
186 98.09077760616371
187 91.6113439843479
188 103.64577489790014
189 102.45525432567925
190 90.4970410677715
191 100.0912854769029
192 96.385206350776
193 101.74346202337456
194 90.58219910902628
195 102.2925543263923
196 107.00304902826366
197 87.2488961324577
198 89.39394528435567
199 99.74034100487263
200 101.80203230259096
201 114.80060939117169
202 90.04678330453164
203 97.76986249434498
204 87.52018954373872
205 85.17531070125422
206 93.29806939109035
207 88.48834923697197
208 109.63633143495905
209 86.25867226126365
210 94.97383622512602
211 104.29579990358464
212 97.0322053126523
213 92.35790782822092
214 90.07230452896304
215 91.39338321093466
216 104.58856305063273
217 91.73431912943013
218 107.70574499462106
219 104.23899063348173
220 103.6484512472622
221 90.25467624011418
222 96.95727444545109
223 101.63996894327812
224 108.00384695037242
225 84.32761421591124
226 98.2568815516791
227 98.11983527844104
228 106.06222043219165
229 91.90950642622208
230 93.80768291147523
231 107.00525287423626
232 98.30958501150131
233 102.45382758621739
234 103.26176860624984
235 101.95758906379739
236 92.24010004289656
237 100.74165637013259
238 99.13567216238657
239 93.8039189303198
240 110.07366937512549
241 90.11541551685353
242 99.26643049735803
243 97.33911265885838
244 106.10655449589153
245 92.85290566285768
246 88.16707768194144
247 87.77481719665887
248 99.20073884570492
249 91.14215281862242
250 98.12338351015887
251 105.11447916344042
252 81.62702771073786
253 94.40231628162468
254 105.0466799921812
255 87.05711251515076
256 102.68191980186704
257 106.50582049278373
258 103.72786960180913
259 100.24630095232986
260 100.5539352816163
261 94.81426919323498
262 110.48744481770669
263 95.93922707032634
264 94.36575928022745
265 99.534099952542
266 95.68304723787152
267 99.01688808481451
268 89.72915972143542
269 106.14237569462107
270 107.72900481442196
271 95.07815351538879
272 99.19093676533649
273 93.86440461714395
274 99.16005337224327
275 81.18720499691649
276 98.00087137031353
277 105.1633145047644
278 82.37000341417328
279 97.41569292599827
280 88.68796943854694
281 102.18470012129796
282 96.26199411979091
283 93.66544099876533
284 107.02144411268785
285 86.38942044870818
286 69.37085025897126
287 92.90039354835378
288 101.53198307071605
289 75.99475930984086
290 84.29861139699895
291 95.07518678593738
292 98.06049836457504
293 105.4454662723918
294 94.18927457716413
295 87.03330770161021
296 91.14918095774507
297 101.31603366048486
298 92.35711623756137
299 98.14090025667986
300 95.65762216898081
301 94.39145499064274
302 103.04022645262015
303 100.69324657603222
304 96.97832950993948
305 96.63197316853199
306 86.96010720849448
307 108.6970571302385
308 93.24840315696758
309 85.341041713977
310 108.86059321475324
311 89.67534129687543
312 102.5254806226451
313 98.91404504511705
314 99.37230858337843
315 109.18943896541869
316 95.89748210172372
317 100.34141104629332
318 93.71032974473611
319 96.2469456331805
320 93.76532367434118
321 91.79062325679041
322 95.15180232256384
323 87.30486652512877
324 86.71147828768792
325 100.33465100143796
326 107.94037146780765
327 91.50687369352812
328 99.77983511721555
329 98.78401044796642
330 95.45023405399418
331 91.91913262297417
332 90.49749547583122
333 83.78037330060248
334 84.48830339788152
335 89.25303780729216
336 88.14974241449438
337 93.19825996872784
338 104.03478525720315
339 99.24192916439948
340 89.20469515265535
341 102.10908491079292
342 102.96625862524124
343 100.31806879258795
344 91.74794525609104
345 104.4417928364273
346 96.6850166908874
347 97.4541228470042
348 94.65972951035694
349 85.2481108379602
350 102.12214960508284
351 104.5017683065242
352 86.99335271712881
353 91.03138402441829
354 97.29409666498464
355 107.29493296020888
356 89.5077119167369
357 95.69512275676128
358 90.71051437819547
359 86.69228071266093
360 93.46162081470108
361 94.16764762065682
362 110.85002011131995
363 87.35375424804249
364 91.27518474437399
365 98.0548508988267
366 77.45160623417877
367 86.88828850636914
368 98.7781367402948
369 101.3650423422266
370 100.30758604405733
371 97.5369761737918
372 106.5727872512203
373 98.39639710705036
374 102.89342375601503
375 99.44659616650466
376 89.53998221023862
377 101.8830654384185
378 89.00494257347313
379 114.78076317744566
380 101.43050498482751
381 93.57459466415311
382 90.07373308745797
383 86.95436368768459
384 96.55787022591103
385 100.27322699773255
386 84.477561105477
387 96.87455947026145
388 104.73231488932805
389 104.06843307027883
390 90.19482276187452
391 90.96054974474956
392 99.53356007547912
393 85.06704343078992
394 92.80990320638895
395 94.07152358599905
396 97.83005752671988
397 99.63975598202568
398 97.83141060517292
399 103.45530794661899
400 95.48537548250181
401 106.64992782792561
402 95.32403621185033
403 83.69444432613804
404 103.37622258753719
405 98.92475250766103
406 97.82733532707334
407 101.16969623886033
408 93.74231475872135
409 106.9921337442415
410 81.09924243179286
411 87.89704030332797
412 109.40376861207591
413 94.25893504558151
414 102.86961973437398
415 104.9336468338689
416 104.73037560687729
417 85.30239236995152
418 84.40189069290874
419 85.60701032360184
420 101.28043692733542
421 99.7849943155481
422 96.58892196445156
423 77.13484835673289
424 83.06135657699805
425 96.80082531378996
426 105.99023999254514
427 93.84531898439097
428 86.13201356813316
429 94.90812693097787
430 94.4440998031723
431 95.97445344310215
432 92.2573028415773
433 94.65645416094979
434 110.10230544166903
435 89.81019724660794
436 96.74035121052748
437 93.0325956852675
438 98.89534659595624
439 105.06245373380156
440 99.28709982321676
441 106.28755807569354
442 90.40390205466716
443 97.20491253957762
444 84.8972347374934
445 91.13158873124044
446 105.2852672217727
447 96.88640665199898
448 100.67963140692908
449 87.61049289294536
450 91.63755172020045
451 101.2937310925076
452 94.69909305131286
453 102.25147810528696
454 81.59374163924342
455 96.06647537198423
456 91.4111407450862
457 87.02279533975702
458 99.60372143087989
459 115.42239473788739
460 97.20204670978595
461 90.5522399475563
462 101.14533756147301
463 95.9497935553658
464 99.97441306759504
465 94.92505332405635
466 100.79196423488096
467 100.04547156917585
468 108.3726609745093
469 97.40862203914918
470 99.56043895262668
471 77.96621381150199
472 90.52246115963054
473 91.4321250988632
474 83.11186780944281
475 101.98549890916547
476 86.33935848590036
477 94.57706383182298
478 103.63599994365939
479 88.13615217178678
480 103.2501706741629
481 96.50659911546026
482 106.39262421299173
483 101.01111119329452
484 94.58756653663019
485 81.11764089428749
486 100.24225768429258
487 93.18150784803393
488 91.74650904103542
489 99.34788721655545
490 105.95185014985361
491 92.92439477782064
492 105.11412620273444
493 103.63281257137238
494 84.24828242619279
495 104.53972891713387
496 87.18479145944438
497 95.92497287431016
498 100.34860081081683
499 95.71356512597751
