0 72.85818398042257
1 74.45102177092306
2 78.21138505518103
3 63.774248294396195
4 78.01481134481931
5 62.763955324704014
6 63.86125423836641
7 93.57516346225444
8 57.660222263052326
9 78.80824488909248
10 68.33400188407636
11 94.85478546734981
12 90.6513137191994
13 88.45959194202477
14 70.84079297116915
15 75.1680315471384
16 74.92921186981872
17 86.65461779290574
18 78.43244627824006
19 63.807843774747504
20 74.40249586780726
21 71.31190869146145
22 75.0648853598661
23 75.08707121067256
24 87.215120022569
25 84.99023164554661
26 63.788913055462466
27 58.06949450645965
28 71.90757266431463
29 72.3581076538275
30 58.951494493967225
31 82.7730909761469
32 65.43923095228904
33 81.64745899299287
34 81.88873167560173
35 84.84641832323045
36 67.68411184881374
37 87.12454059406244
38 77.56490524625715
39 72.17975255605819
40 65.49480702406483
41 67.58202760751912
42 66.39189133397907
43 77.85005544733895
44 77.05522563184182
45 75.34999786859278
46 70.2833133045143
47 65.85799064404502
48 70.76175665949228
49 74.10454912175891
50 64.56183022645008
51 79.6822198543374
52 56.93165114955851
53 70.74032739684164
54 73.620771350606
55 70.2724377383642
56 73.05684151637023
57 76.32900663275596
58 81.38067604144405
59 95.76326187354975
60 56.93605478106952
61 83.6312867256979
62 74.8633263692984
63 78.92193820950683
64 64.3348151153053
65 80.71514886049764
66 87.12743074154176
67 68.50263753848509
68 65.8626007572631
69 81.45013565619271
70 83.63657647692169
71 68.21966037014128
72 78.53456567558415
73 78.52748755866135
74 58.1531957259157
75 63.69835412474208
76 64.68968877439339
77 62.122442292912865
78 56.60210430321903
79 61.93209558132145
80 74.63068121962075
81 87.39052167073807
82 57.21823730602625
83 68.90531260810343
84 83.70276332077607
85 78.78281956543884
86 74.76473538376109
87 75.17896180417836
88 79.33822773378017
89 65.29475932649531
90 68.40222579035166
91 74.77228710055732
92 83.93350225402868
93 69.78344733012871
94 71.43983725327504
95 80.01082585942237
96 71.85688594796513
97 83.10765915301434
98 75.44579630832366
99 66.10874860837522
100 64.82664231132624
101 66.66713975083577
102 69.10707669107315
103 60.89204403033635
104 68.2569957239719
105 63.670008455130315
106 55.738210811417375
107 78.30087886160555
108 84.34988488621377
109 84.45054250605133
110 86.39017673444224
111 71.94870363190644
112 84.4855448002462
113 67.20209479417433
114 81.32414761383592
115 56.84279936801323
116 84.08861637907111
117 78.37173661079667
118 74.14687993150244
119 65.54303123242636
120 74.42764184918829
121 76.2324853752968
122 65.14705701670785
123 76.72973579326238
124 77.73639322041066
125 76.48283930126065
126 66.46183654363115
127 59.62732012349051
128 84.17003081120104
129 61.737714312727185
130 71.55231983184999
131 67.44785992657654
132 73.18831623791021
133 56.50015716649711
134 85.57471618114158
135 85.91200806322922
136 81.59707505866393
137 86.70635785572259
138 67.01285700199506
139 70.64089167313733
140 76.34655319290597
141 78.25781013744187
142 67.56547317131349
143 54.076786111265264
144 85.86124353096895
145 68.6655144650595
146 82.02368230428992
147 74.35374256426032
148 72.072828021276
149 70.06536882359289
150 60.587619858774495
151 67.03596986779422
152 73.34830800447648
153 69.82002810416982
154 86.78129397122883
155 67.41966884906496
156 85.682474277215
157 82.11146828205469
158 74.11733615231816
159 70.6672676486008
160 72.76566305871714
161 67.28378739578785
162 91.08479680651662
163 50.640653373664954
164 81.41802197641194
165 70.4743341740908
166 58.31416717951288
167 68.63370620352042
168 81.12953118822209
169 80.8443908327962
170 75.49922529386232
171 74.32286524879657
172 73.38926831856026
173 62.07747885385008
174 87.42810507130203
175 93.3418484996814
176 85.5119917526778
177 76.36537984379795
178 79.02708665857996
179 72.68838206174321
180 57.341758474241196
181 56.32895303225559
182 64.37094587563693
183 71.63721611554574
184 71.3288766106877
185 61.65266846619923
186 85.7594954243425
187 83.31363299875208
188 59.9031615223133
189 79.80705027485628
190 80.258726371948
191 83.95670522259573
192 80.44186172149502
193 72.25257165713732
194 72.89067423837264
195 60.53524564443326
196 65.92843395888325
197 80.11632299393861
198 79.7753058114959
199 63.859925140599586
200 77.91075669385235
201 75.81542266888323
202 64.45704645332152
203 77.09306059679565
204 73.81125659282279
205 81.00604437590566
206 51.85116022211289
207 60.44509737482423
208 75.38104761752865
209 79.54670999923312
210 79.52818252607055
211 71.66871546448276
212 75.59723014957736
213 70.0573803929868
214 61.53851398845495
215 83.24957265576067
216 86.91305771499707
217 58.363015846899565
218 96.25839042688023
219 72.84531105774884
220 73.690673460722
221 66.81037341958256
222 70.41389357949585
223 79.61281844235096
224 70.70738764431027
225 71.66849609337261
226 88.41147793937147
227 65.70050792987468
228 71.21598329919503
229 80.83934992166886
230 66.10504407367662
231 66.50897047710127
232 66.5035545193763
233 77.93237998219756
234 66.8334578219813
235 75.29474153946816
236 79.70573818661552
237 79.69562789916719
238 54.16869495173155
239 92.04127797904957
240 64.30635113479917
241 77.02664786039193
242 69.14339416566291
243 81.80273417022696
244 75.51232020066557
245 66.98460773783383
246 78.14785507800518
247 65.42521672406791
248 58.9211229961018
249 77.0537952219088
250 61.52463142848057
251 69.65145951945763
252 65.45227054526617
253 68.0968386991872
254 81.80495797801603
255 61.35279784800695
256 63.680070786672
257 78.02416819004185
258 76.57219531570729
259 73.56802630358642
260 81.890167462311
261 67.30259467753963
262 59.497001769028486
263 80.57352867762717
264 72.65897668785624
265 67.19638346275501
266 78.07408300252241
267 72.95155476990767
268 82.63472421656627
269 73.22083155863393
270 77.95653502793475
271 73.28169503914103
272 78.7329402934407
273 69.91639378225112
274 73.23846040966829
275 75.75305394530541
276 81.64364451335945
277 64.6822056061326
278 77.9182742112505
279 78.15103627586757
280 71.50780792949689
281 71.67961986786034
282 51.937797250505426
283 86.08018450279563
284 80.23016091829089
285 70.08161779610823
286 52.98216335273084
287 78.92959289561266
288 78.47627841295636
289 53.45980685652678
290 73.49109805363246
291 59.11375706197461
292 66.80715888789747
293 79.13098820871727
294 89.93284336164575
295 60.50999616833566
296 88.01724149661875
297 47.591003747378835
298 76.20365501218355
299 78.09123674688425
300 83.3555186977714
301 77.04627803249231
302 73.98824981251795
303 70.77913215884551
304 49.46199896292595
305 61.575758967378746
306 68.30660590295324
307 63.85407386986884
308 79.63786920895744
309 77.20173384200676
310 64.76162723287983
311 69.58607081460165
312 72.64005136556365
313 85.28056153123096
314 65.26485110998414
315 66.06236431821567
316 72.44159367569063
317 70.655231298881
318 68.55871228561519
319 71.52299416145556
320 80.91870106975053
321 64.92855088284354
322 70.71609390204986
323 75.1277061887307
324 60.82216388802367
325 68.57808927444677
326 71.46335367897036
327 81.27530014370458
328 60.07259057897525
329 70.95945006466492
330 70.58601713833923
331 67.27122532782124
332 66.91618761343959
333 69.40763221131235
334 67.30157588397284
335 82.91435891662147
336 57.984141621311856
337 78.7134672900294
338 88.3171181385979
339 68.78667126892114
340 80.40783867784488
341 84.56121356334171
342 81.32838653363693
343 77.98831659614163
344 67.10609390981344
345 86.26601845978077
346 63.37426024735018
347 88.47081935045486
348 68.46425776502052
349 63.49805279481301
350 73.68028633995412
351 74.7893294079967
352 70.48932679762186
353 71.8121004162519
354 75.9986235975975
355 79.98089212660832
356 71.6499011439383
357 76.37458874680914
358 58.31527464351067
359 68.03186881460908
360 69.37346484579228
361 67.60058260338965
362 86.91024086526886
363 60.57006110362102
364 68.91002470769443
365 72.96033157848598
366 74.82098634562163
367 74.16290658834774
368 72.23343428002231
369 65.62954817123077
370 74.67428826717492
371 79.31096885635448
372 62.85214137492823
373 71.65756937946591
374 69.39926594620815
375 61.741662002352086
376 78.2586242405708
377 69.1661109894148
378 73.92980400151333
379 84.25406662213445
380 74.63940716085298
381 55.3951608217671
382 79.43288206295844
383 86.16423094306245
384 63.156104042910165
385 72.36359676799357
386 70.12578464330748
387 63.651162113408226
388 73.00740056697109
389 73.10317648489017
390 83.99212179405146
391 75.62360211955236
392 78.71460774386829
393 61.63860075029509
394 72.21715339509242
395 82.88398863150482
396 72.53252866418798
397 85.97903731854471
398 82.21566007517353
399 72.26929259665208
400 71.66159742440702
401 79.40439394535431
402 73.89750626699264
403 76.43405064710329
404 67.79802593312604
405 73.72160151674797
406 73.72484863150659
407 80.17881555724155
408 67.67044703841057
409 68.49523106301525
410 82.17079632078304
411 63.00945529134899
412 85.6259420266781
413 69.19676640603451
414 82.37745249719657
415 76.97591931941193
416 69.61943128811913
417 72.95744094385542
418 73.61589370964138
419 90.28657686613768
420 61.92362188770318
421 74.57802248577921
422 68.07124829883836
423 74.2075768791998
424 81.09581102058974
425 81.82759266102542
426 58.88420156010781
427 61.859926934268685
428 78.7043203160944
429 72.54687931355622
430 77.62194420660083
431 66.57722339784274
432 70.73994365390074
433 72.49059556483958
434 94.45174754427559
435 84.30279270083435
436 63.39793783282881
437 78.56641226288424
438 69.21885507946692
439 62.666473944416154
440 67.64181921491561
441 82.00275483195465
442 75.64145158679375
443 76.36321997593144
444 70.71051314265655
445 67.44269197260867
446 76.21136029459817
447 69.3537261373346
448 62.281711268800635
449 83.51546253421547
450 83.11016252079796
451 83.64909632585307
452 63.03886728699137
453 80.5645033260112
454 68.01710277055412
455 68.22448755218208
456 72.57179299301599
457 78.54299604716924
458 66.91550478352713
459 78.54845321023072
460 75.3565393860981
461 72.88651197854179
462 61.196481961403826
463 51.197376189855405
464 90.29610150562183
465 72.99383679503353
466 69.04576607133266
467 69.90086996831528
468 66.95206689987289
469 80.65046699507064
470 85.2155604065082
471 43.732116858824256
472 87.68711792255125
473 67.58625662866767
474 69.43023441201557
475 83.68420010485153
476 76.95942215449493
477 69.3175234074747
478 62.207367188615635
479 79.56449725060617
480 46.2379065071387
481 66.23713544826053
482 74.1016923686216
483 83.05743905484977
484 85.74535559118827
485 70.09020210620938
486 73.42210050695506
487 77.6859214262978
488 82.37662032602738
489 79.24537386739692
490 69.96539557722853
491 61.871360262524455
492 68.31020524555605
493 64.56507107037316
494 65.96921066392436
495 73.9682555107083
496 64.4303600654544
497 65.60383347631772
498 56.406669296274714
499 74.06892542641566
500 75.85411296720162
501 74.71188754046602
502 81.02188875655428
503 75.15694340760135
504 57.167646590378254
505 76.68889679045245
506 68.1921202943554
507 79.84957315401266
508 80.89034864898736
509 73.94392119909097
510 78.09767138805645
511 66.89883833919656
512 67.39956397182266
513 71.05828590871104
514 74.4956599091875
515 86.43652570465935
516 78.28631330845424
517 84.24872695260821
518 87.86174462598403
519 57.902236351773624
520 83.5071133979378
521 59.76345920195184
522 68.39941488086286
523 66.31007457098002
524 66.24079715936014
525 79.65098067884713
526 72.57213037554989
527 74.0328050087647
528 69.20252355651924
529 62.79329982676515
530 77.64113888960955
531 75.25359117684067
532 82.27738861423653
533 76.01042195831826
534 76.92396349096192
535 82.13149732414605
536 61.1702792562844
537 70.21425409669885
538 67.17122232039299
539 85.89170479551896
540 68.03033401460537
541 67.78829405925936
542 88.66603792918649
543 83.59687551746926
544 55.48448904932975
545 73.38767140840407
546 79.43429517676353
547 68.31367214286212
548 72.89205307569819
549 81.09103284314295
550 67.80170521662883
551 73.73605894527475
552 78.49789231892187
553 77.74492307420887
554 70.79173296389664
555 66.28437274064774
556 83.62332927931993
557 79.14801249394803
558 68.82373066990021
559 68.94190399229113
560 69.4645312838983
561 84.213008945056
562 57.98934253272695
563 74.17831496442393
564 55.71721865237532
565 60.69434804675757
566 72.48702928090722
567 69.29672749265787
568 60.169730244390806
569 55.93192172517994
570 79.4223038536121
571 61.79872499298454
572 55.529869620050285
573 66.32675144331816
574 83.74422298213781
575 79.4826133884821
576 82.94765548891583
577 68.29463208746749
578 65.12969843895657
579 71.9302837915145
580 78.72144170018223
581 53.133662627873456
582 65.09291945464089
583 79.39701066699433
584 61.331669609347315
585 55.88409890143086
586 81.07369225338023
587 75.25773274573027
588 57.708340806654476
589 59.97207310349321
590 67.77992999338133
591 71.10874494961568
592 80.75158863056875
593 71.31760795624369
594 53.22104090863167
595 88.46086373413054
596 84.40759023163133
597 73.56814516336304
598 73.00427782576502
599 61.50948907722683
600 79.82796725913657
601 76.2572403261042
602 61.230647537648444
603 79.92014504056006
604 70.85041130936094
605 74.32508594427188
606 62.147057193227816
607 83.84039371672351
608 70.58757271052163
609 79.68905598887571
610 64.56700062941998
611 67.94532709621518
612 75.7236880839757
613 83.60719661051924
614 74.50922413997256
615 67.11582293002301
616 72.70633904259203
617 80.33230224789847
618 84.08498597217275
619 70.41219563954152
620 87.12473671315321
621 80.65928207971568
622 81.89573294493438
623 72.46039037590744
624 77.22145458469333
625 65.39623829732137
626 80.51059631809197
627 71.75823874870531
628 69.90803885547375
629 72.20157359991788
630 77.32122984393739
631 78.3039840844455
632 69.60827207805052
633 78.62655512891173
634 82.37615033296785
635 58.173110056782136
636 72.52141337957872
637 66.2916930739611
638 76.09287143871127
639 78.04407466141222
640 80.71631104623918
641 49.285382894628235
642 73.77162877225398
643 82.22057544761296
644 79.36811890429827
645 83.44012271416919
646 60.45813795459922
647 63.30258013100436
648 62.37640352360226
649 75.37937610843797
650 90.85220140520725
651 68.91199265902182
652 59.22520962698149
653 68.76752253848001
654 73.3453081862235
655 91.74609209075491
656 78.0027565434583
657 77.86473230449138
658 86.5299109957756
659 77.69951939750183
660 65.00953128565469
661 72.42287173058641
662 80.07788608419385
663 61.21584973854846
664 76.02847327339437
665 82.23208768446757
666 63.814048816436454
667 77.20828789747388
668 61.4646055631159
669 74.31577980039127
670 69.2708121864508
671 75.24510635609106
672 76.23619309183024
673 75.17117155768985
674 52.71656380856643
675 74.15783873716826
676 60.27695283062329
677 73.74114278833251
678 70.00892357428384
679 55.054900542845026
680 89.11344731737165
681 46.047929890215606
682 61.90702097115602
683 85.50906256631976
684 79.58191367141765
685 89.48012562335317
686 74.23623162534491
687 75.27128714233265
688 75.06224412846679
689 80.61729255994307
690 63.03057817946604
691 71.77539029722674
692 68.20875173145198
693 62.399919080297394
694 73.55705361175578
695 74.39939142044861
696 73.32320600224641
697 70.77343551978896
698 78.1805775156977
699 78.00015589775683
700 58.34789698812959
701 69.51534059892451
702 81.59636609693024
703 71.36682051311267
704 69.2251879987449
705 59.8677158052104
706 83.8676681140098
707 72.14487089673787
708 73.08630144278378
709 79.29898240385663
710 84.56883656286995
711 79.88529394228648
712 90.11210027049991
713 59.175834813069066
714 81.34132202885216
715 83.21430514305304
716 73.02824127583324
717 67.63051926249673
718 78.73983025709154
719 47.54631432284756
720 77.49262245473126
721 83.75989955865332
722 78.39426192789182
723 66.0385788694751
724 82.52348093446159
725 86.50633219407266
726 63.97987369818148
727 73.24903352741198
728 58.088230859654935
729 49.528881229131116
730 71.42871838422234
731 72.54902501583919
732 60.311206512000304
733 73.10001919690575
734 79.86788632032317
735 89.68903735554575
736 49.7629265541469
737 49.29641217128689
738 70.93905271979193
739 73.66962574449671
740 62.78507204871616
741 73.80002042993135
742 82.02217307635408
743 67.21167480950317
744 74.95051696026134
745 46.18498368794533
746 79.46724909752513
747 70.31032661934417
748 74.92334878885119
749 72.55967589952404
