0 71.68001816325655
1 62.30084534402034
2 61.99687413071049
3 68.7021471800351
4 69.73199535464289
5 58.67419946300458
6 72.36421098182605
7 63.29705882198511
8 80.64821330822097
9 66.43601428230382
10 50.95877457543911
11 69.92738283498305
12 57.62661372361543
13 67.5045582035583
14 61.28953889446424
15 65.23875056714097
16 56.40254901534019
17 62.30819780876843
18 61.94158258642747
19 65.0996665607728
20 58.33535537435115
21 70.9143054952112
22 67.98571698657514
23 62.00573107207191
24 63.82570298589853
25 65.65829106300126
26 75.71472335163465
27 52.899193595661224
28 60.51149636079886
29 68.93589859805124
30 67.17776365336725
31 61.01067885620236
32 64.65215299170434
33 67.16055220118623
34 71.19622220253513
35 59.81565791250207
36 70.92965498505663
37 53.01408748703931
38 66.94766645319199
39 71.39918164317791
40 62.67285030399281
41 74.94124555436005
42 73.92494089014981
43 66.24716168089809
44 63.78458110084788
45 76.63447745794174
46 52.715667075574046
47 73.63639400410233
48 63.76908350480256
49 66.18548411337616
50 64.12074097861084
51 59.867624388763836
52 65.63599366162224
53 70.05502434344889
54 69.29102374055937
55 77.64105547912921
56 63.87204194832873
57 60.75065707172607
58 66.40487140908822
59 62.19555070713631
60 62.466093199180335
61 63.12740998700946
62 74.88115177843413
63 68.72966898808646
64 75.97956638986345
65 67.51248407323952
66 60.79185346919878
67 72.4160012549251
68 61.544134660308664
69 60.0380972313626
70 71.55552397561794
71 74.174392111672
72 65.66352817660982
73 55.420169409795456
74 65.08310198969357
75 50.652140076361036
76 72.6854476602565
77 64.45499391042537
78 66.2634529772023
79 54.565873624100455
80 61.28078322740493
81 80.78953249669938
82 72.7539002295167
83 72.25620980234834
84 79.1266596255206
85 70.01446390600076
86 72.25666995802834
87 59.85010277931853
88 68.53187784995659
89 63.561101925854516
90 64.37791693676071
91 63.76817846385898
92 65.96459667586295
93 78.88852033169637
94 65.00837197748793
95 62.58563493860048
96 58.61272312462999
97 58.40008953153426
98 49.872763085927126
99 68.90207524550983
100 66.93543276652868
101 80.01433116202263
102 65.88804707347053
103 70.04341651304946
104 73.26543637506501
105 69.61631835101734
106 77.4332893413511
107 71.7438596819321
108 63.23667102276648
109 72.8685900415286
110 65.47908706524139
111 67.77699832966951
112 74.80407763598588
113 62.02600246120223
114 61.823068647382485
115 56.08537314516281
116 66.85561740187917
117 60.25133117673926
118 61.60262635537122
119 61.08705696500896
120 63.42692004123156
121 64.99330645845666
122 70.6834274168663
123 58.930036099746545
124 61.468954210038206
125 62.37170118228114
126 67.32339453920335
127 70.10534472616956
128 74.46232579476847
129 67.71223433967626
130 69.60190671788945
131 67.7403291993153
132 78.9714466844771
133 83.69945377179211
134 58.934460669421405
135 63.36285409218086
136 71.26981288563007
137 68.12081835695949
138 68.16291381551426
139 65.3299239848115
140 66.52947748314615
141 64.5453689062528
142 59.2469318290804
143 64.26418737415534
144 57.468925467556524
145 65.0681963962777
146 63.63740940223734
147 69.98504130390334
148 69.09256224400036
149 63.18846085753179
150 69.53370673008145
151 63.53703878741789
152 78.40547299680901
153 65.1198965740535
154 79.42602621315304
155 64.39239722083354
156 61.08276151115977
157 67.70167459118561
158 69.97446491233013
159 65.85106090835644
160 67.3160907507272
161 80.78599548216134
162 63.856437726207666
163 63.2135535555143
164 59.28121042885163
165 70.79711536893939
166 76.17635724260141
167 61.538825235150085
168 73.46790436858961
169 81.81108467610338
170 66.29726849761882
171 75.26629738539278
172 70.085551854092
173 65.00243861000133
174 73.42122492392703
175 72.40381736107422
176 64.11759462925238
177 69.20889435298731
178 61.532376206768774
179 62.1635779079343
180 66.06351400465489
181 66.93376236039526
182 60.21137166793219
183 65.91695484115048
184 79.08420257986091
185 72.99917532047606
186 68.10241550564969
187 70.47433184118519
188 64.70638995795062
189 76.35756355633283
190 52.92018759543704
191 57.38504769052318
192 62.75759620360168
193 70.7890333812286
194 60.3518943105508
195 57.25460739182005
196 65.0449318563607
197 68.24275856193054
198 66.75165806813625
199 74.13186705438558
200 66.17219036698602
201 50.67648872429305
202 67.87064665887823
203 66.8107542040256
204 48.69258831475876
205 73.84398424059111
206 65.78838862658966
207 64.49870698651125
208 71.76728887696567
209 59.65586853203217
210 86.86282460014463
211 71.71158646611423
212 63.02186150036292
213 69.27061542404013
214 70.84231897552084
215 61.19627232957353
216 55.85663202499331
217 69.60509866607515
218 52.54075520772391
219 66.25110381766538
220 67.41881569808534
221 64.63791272758803
222 51.22048726169167
223 68.1514109603927
224 55.24556519043426
225 66.2803756787089
226 62.89117617353907
227 66.38517937808942
228 56.01959221109192
229 69.4419085846531
230 68.69164840430446
231 61.141432070720626
232 62.513266264937904
233 74.65154265618212
234 66.47592763076209
235 70.49682585094571
236 78.16648689145799
237 82.00470474628393
238 65.21066631741323
239 65.52212793477969
240 70.15288396724532
241 70.912367755409
242 61.90579383336466
243 62.653995496129156
244 70.92506492809396
245 65.50416241304517
246 62.44431941679707
247 76.55335961901054
248 71.85620813480433
249 66.49003886562839
250 50.30981168507087
251 70.17508511082605
252 67.9552443880436
253 64.95342277572134
254 67.15303926387969
255 64.77310000135681
256 62.09072297079486
257 68.26171863695404
258 67.43320056832351
259 64.79039525464425
260 61.11688997970905
261 68.0590737297483
262 72.58212288399052
263 75.44216147882302
264 60.99652438506774
265 76.19782613938307
266 71.85695809027915
267 68.36620323384201
268 68.01013709366835
269 60.9279609793602
270 63.85286730095379
271 70.11385436286272
272 63.47076703993858
273 62.68293173998379
274 76.87186631961131
275 67.36975558351276
276 63.938605597363185
277 70.8593969650328
278 81.28479355084407
279 78.73632749343723
280 57.76449284355886
281 67.20977989406208
282 53.653468617031805
283 73.09269477769335
284 59.74659261617438
285 63.63277720393926
286 71.65488593211384
287 64.58164945412815
288 72.1395404407752
289 68.89937111806253
290 72.06737766026411
291 75.87051574381029
292 73.22856881925806
293 70.4519276391968
294 54.300264509528475
295 61.77602372134422
296 71.65127735028598
297 63.27105093663774
298 64.20563892501426
299 66.47644348549981
300 77.94192802961813
301 69.74162979597207
302 70.17698837619768
303 65.26010781735687
304 69.88243539437622
305 71.78864533576441
306 61.16988236770611
307 52.869975796413996
308 64.85705092800274
309 72.73617198453111
310 66.43016341349805
311 56.60661413963358
312 54.33104503091207
313 67.26708211187655
314 60.35369494994833
315 58.82255023360757
316 53.36153850131058
317 58.57858395110577
318 78.01225151136885
319 63.318761807637834
320 69.07182712139156
321 46.05217302698471
322 61.7560348009986
323 66.46270777803221
324 55.043101684712056
325 52.826213535458415
326 53.61049394113529
327 73.01947845606075
328 60.42072936587154
329 55.208963694188185
330 66.55286232382997
331 72.23560183676776
332 64.71435051977757
333 76.2955979471127
334 68.55562042330061
335 65.80655090293132
336 66.25352877587292
337 62.47567734940776
338 71.98075360022567
339 64.51574406877248
340 56.507470005912786
341 64.54117316068077
342 59.63547977966288
343 81.59267430775733
344 71.4574475606628
345 66.08856058538062
346 67.19584505340883
347 73.88487841996593
348 63.36660274661276
349 66.22160126706027
350 71.34981116542177
351 66.88767993969884
352 60.520189677331935
353 70.90506715461993
354 64.85637783627433
355 62.55650295301842
356 57.76435320841003
357 63.893968867611314
358 83.27081521302932
359 62.88280351372949
360 64.32523169670188
361 73.06915318433627
362 58.440897946258666
363 77.83392680796612
364 58.06328333660094
365 52.11036770768675
366 75.66767261663207
367 66.99171458454141
368 65.18499417664604
369 67.66061894854123
370 80.17137240924832
371 58.65523496615075
372 65.4258741391082
373 71.40123179828868
374 50.35992664615833
375 68.94426127386944
376 61.16004615484512
377 65.61570932705675
378 78.07293960857645
379 69.47762439171036
380 72.84128119849473
381 52.09243111356327
382 75.70499678183069
383 80.42034281272855
384 77.4333239388166
385 58.00139517295693
386 74.55784949511208
387 73.18233045457106
388 60.04080517523668
389 61.336045096025515
390 60.136484999804445
391 68.6301246410271
392 75.0129777294421
393 63.448648518986786
394 82.99810886842283
395 88.1637652311527
396 81.88896042743714
397 57.91624121385957
398 51.424373697613724
399 73.88045586929316
400 62.67958898014682
401 63.67661502515009
402 59.1107626382322
403 66.74308191753919
404 62.38872457911016
405 65.7084688545483
406 66.88877202280247
407 67.24408787457662
408 72.9475286202985
409 76.00835614548996
410 73.52964166548053
411 59.330296542812206
412 60.845400716897856
413 66.94152307073387
414 74.0488659274932
415 66.0090988072662
416 70.43917194190725
417 59.840942216901055
418 60.914867345149
419 59.19697502368794
420 69.75733635597079
421 55.008111358633904
422 58.718101396387134
423 57.25085153647675
424 57.28598458458187
425 65.33170832396117
426 82.1423061234924
427 69.72042978440452
428 74.34505526315334
429 71.25295368017548
430 72.72099157237646
431 64.78836249702151
432 71.58448631691243
433 62.156376970404835
434 64.94456963763086
435 79.71489731128143
436 61.807576775759784
437 68.33476031352087
438 79.6606333136064
439 67.68460689858567
440 72.26363732253621
441 77.5105241706016
442 79.35020071942509
443 52.46263777561452
444 55.55842511597796
445 54.43715572944778
446 75.92927327922469
447 82.9227993322554
448 67.38679079698906
449 68.62020730751163
450 59.81747554027767
451 65.92682037715585
452 70.88139385898727
453 62.99829621510748
454 76.04709523851268
455 64.25968492421056
456 49.38191102735426
457 60.77399702309834
458 77.65668768898223
459 68.38185921053125
460 69.30216765611164
461 64.47946113546212
462 73.88079345073075
463 72.53087083594399
464 67.37567423335126
465 58.92672413696511
466 79.97024035583273
467 65.61674248166908
468 58.94798929104368
469 60.04631786388401
470 64.61947830131615
471 69.17342432159923
472 76.68256588286924
473 66.0056283941429
474 69.8435782493459
475 77.90355204390099
476 58.17111230297929
477 63.661598368332704
478 75.83727674734419
479 71.46155254721215
480 73.65243590509978
481 71.1865880192775
482 69.1810703701348
483 67.5563780386728
484 68.56758418256157
485 61.472668111063584
486 57.677860568978865
487 74.39166405816157
488 55.56261962867339
489 61.88224902005583
490 65.36740453123264
491 84.33546900312909
492 61.25154696655861
493 67.1366822785085
494 73.99536812979596
495 59.791280062623656
496 63.61199570842213
497 60.496025745734464
498 70.55639040080715
499 62.36139501242729
