0 65.59208859623439
1 77.57456070197308
2 64.49889252018932
3 80.37688383659086
4 74.38922304914068
5 63.83534944776992
6 84.98861713154454
7 85.43024329145481
8 66.25857660449158
9 92.01768517699843
10 70.840031212586
11 54.90744021089943
12 87.25140589531108
13 86.30833911961045
14 84.58367847323545
15 65.44922841399502
16 78.00969416605943
17 65.51063913666285
18 70.64567123346761
19 65.53159448268894
20 74.13742700009216
21 64.08669713285569
22 77.48689632797074
23 70.20316084425835
24 66.91193404971659
25 50.903279298979086
26 68.0006782735349
27 75.98304164838596
28 74.39649325247086
29 52.397539564189856
30 91.35247131518024
31 76.98329188218563
32 74.40284541007081
33 67.17160460914272
34 62.79202990256319
35 75.77546317263325
36 61.53512711456962
37 72.94130387710078
38 84.30153869522483
39 61.52556806792134
40 74.85672283555934
41 77.78066546955426
42 71.59692029968392
43 62.09233559719495
44 75.54328554448577
45 88.99011452738995
46 61.429179386866075
47 83.18538009162866
48 64.6697571669922
49 64.39701258360192
50 67.16829591810853
51 65.14553133453848
52 82.50532915003517
53 104.24820035456936
54 63.96626440778758
55 69.0625735942946
56 69.17290224350329
57 71.4377347031038
58 78.25549342230742
59 62.86936532190254
60 79.2702027843142
61 63.65403335516967
62 74.74844442098785
63 66.05279370650074
64 83.91361462414768
65 80.71900968326267
66 93.4503351393502
67 81.45393829803632
68 84.38728889245843
69 83.1898815372275
70 72.13758015453925
71 51.08843139588288
72 78.8481456136055
73 64.90939035936664
74 78.84887804659625
75 83.61994933601473
76 62.07731854293642
77 67.8496342162493
78 53.917366056966614
79 63.55233722252646
80 71.8955155528628
81 81.77651716384005
82 78.95616577076576
83 79.20826778391294
84 77.98213429746593
85 71.53820688913335
86 73.60890946788386
87 68.62658209397755
88 85.98708727032422
89 98.1084461748062
90 75.0814296701471
91 58.91328976546764
92 89.18268275458972
93 74.47902423487274
94 90.97464754313314
95 64.95011493806153
96 57.59436141409705
97 67.01145056913359
98 70.1883012912291
99 47.11107260416931
100 70.2291683725505
101 61.50426426566534
102 81.9487182473039
103 70.95709056352275
104 78.87738817381178
105 82.87094876878797
106 71.15975310454574
107 63.24308442944127
108 74.30119265284225
109 61.10948024262417
110 69.68498853148766
111 77.61871314346283
112 64.83991571446403
113 83.10201355955503
114 67.21630786315797
115 74.79818796815921
116 71.5873846787097
117 82.60410949854268
118 78.7410655049968
119 76.85606839518817
120 73.55788991931372
121 64.98945145630991
122 65.89550611954465
123 66.12238543599882
124 79.42394166861796
125 85.3871417425213
126 51.180748623283925
127 62.256879678409426
128 72.25312016369361
129 80.86662537261888
130 60.8267115156443
131 68.4949175570988
132 68.15133937514385
133 81.32985988005117
134 75.6192980338384
135 83.00291341033274
136 77.80172552805763
137 94.28754049454034
138 65.1507768389194
139 83.76000893986016
140 91.71515011371694
141 93.32691136643349
142 79.76781110055066
143 56.65673378975424
144 85.25667104984878
145 76.8973424296387
146 84.05594587170037
147 56.384475588052375
148 94.61198200232931
149 82.55575425035443
150 88.95073668975401
151 82.82967364103841
152 85.10970845217379
153 64.41408169614716
154 59.237267607752116
155 77.59018199721838
156 68.52495319520547
157 82.7499250514897
158 82.32336465002741
159 86.31287785013146
160 79.66672463269614
161 82.85279495713836
162 73.25158510473186
163 78.02003359558684
164 56.03418872454452
165 87.80823244022534
166 67.68496015364762
167 62.71061682129613
168 47.72046160715928
169 76.80306890720541
170 67.74535285916448
171 84.92809589901398
172 69.0674472855182
173 91.87898335580375
174 69.38103225247262
175 77.48756317560367
176 80.82747793941442
177 83.04260172590924
178 71.18980535668446
179 60.05955918923537
180 69.72703414750833
181 92.750357076528
182 88.46801106413383
183 78.89783960806739
184 50.07487317693359
185 91.8144113083612
186 70.828278365206
187 81.1407455669306
188 74.60263659502074
189 70.19325116978206
190 85.32223836406565
191 61.46069198216774
192 71.64756066101435
193 82.39964746135928
194 83.262659430969
195 65.54121957437383
196 77.19748688415851
197 88.03112451993651
198 55.50169435719375
199 81.49573584586986
200 71.52091887937694
201 80.62559718498656
202 74.69809031686407
203 69.13891127163792
204 83.79289535256453
205 78.72827421450489
206 60.01620443272984
207 68.30416437500193
208 80.32409517957552
209 58.5445178493487
210 92.90445597864861
211 51.345662730212815
212 71.740609491722
213 74.24096650417845
214 78.57184319205584
215 81.05566154364355
216 80.11430600074947
217 86.74991346625286
218 87.67561223293387
219 67.90065460905241
220 61.77772361630022
221 77.36014436791811
222 66.89030387745909
223 76.92964033609452
224 62.64523701058259
225 61.56605116889467
226 64.74541825191528
227 56.90249644122945
228 94.75752799093848
229 66.34265561150335
230 70.15958497240345
231 71.175257335341
232 78.54283420798052
233 81.68493740267364
234 81.39131591405997
235 71.84553466397745
236 71.40755416961602
237 70.66865458300833
238 96.45144699389641
239 71.8355774685823
240 74.35608584798597
241 43.18756342701667
242 86.90190392606036
243 79.93935778519727
244 89.22831722602062
245 65.0041500651485
246 88.06221248812633
247 62.061932613446594
248 72.084333295125
249 68.61746276204973
250 47.4105492584628
251 61.07942197646154
252 64.55474710089813
253 46.25189401995353
254 74.31850942585129
255 72.3480982289667
256 71.4235365317584
257 57.654920171368055
258 78.3952845072306
259 77.3690787442094
260 80.95826240147574
261 67.76135135589482
262 57.57387098809097
263 58.18464407452855
264 70.58726198192956
265 69.50251673544274
266 78.48105221144824
267 60.78550423122205
268 74.56482822728987
269 66.1898890950103
270 73.12101438842117
271 58.72095893048699
272 70.27562050697145
273 66.42290571235858
274 82.34339137320086
275 59.182593538494345
276 82.53838994684685
277 56.830998819484414
278 79.92095985868873
279 80.3874496716166
280 59.303258544604375
281 64.92436334409277
282 66.11241148390565
283 75.78602068393772
284 88.17698652288259
285 68.52770997582331
286 83.85018449532477
287 65.45285030078388
288 62.94153564313953
289 79.08209384256719
290 70.07031681425623
291 58.88170900176153
292 85.20351302111209
293 79.3391815475111
294 70.78594426218908
295 58.015747372254864
296 75.68430362513581
297 80.41977700846294
298 75.7359275148862
299 50.13037835918389
300 64.72222083685173
301 72.41394888098291
302 68.13449381939846
303 48.27217252144547
304 86.86623189847823
305 74.84627803477281
306 77.25687855633157
307 75.60286794516871
308 69.42251401618927
309 74.82773999569017
310 81.28424137935218
311 88.7161665439734
312 107.20775390219296
313 90.17257960631059
314 71.83201243548574
315 67.21098819181931
316 82.5043390338871
317 79.49229011364034
318 79.51602636684697
319 66.43978501596922
320 68.42626335577397
321 64.12603125589806
322 69.44588286519418
323 88.17316417624906
324 51.48747521817754
325 49.83896902815837
326 71.59549285314898
327 91.29507242676534
328 71.69822785567554
329 80.87732056283404
330 69.8423112807382
331 47.36686632785088
332 68.83599725491874
333 55.116093952846
334 59.94754797505762
335 80.12436743351478
336 81.00636194681802
337 80.08994613438814
338 83.45678143701878
339 61.882097309062694
340 66.73287736666187
341 56.99508325840982
342 89.1570025943578
343 77.63847258800962
344 61.77935223950065
345 73.32242911415427
346 89.50383825082126
347 72.69063868660395
348 76.52712903154269
349 84.1333288268899
350 85.31122113459152
351 84.78950578411425
352 69.26240613026538
353 44.35402974297989
354 70.91737760383842
355 65.37530728972403
356 94.30057705921601
357 81.98439207185011
358 67.59123658652959
359 66.55436598939629
360 80.31336604213337
361 62.90885064021785
362 83.98228186307972
363 85.13588108870012
364 44.98025722656702
365 66.70983787054843
366 83.6402956185943
367 80.36615146567898
368 87.4456300704132
369 80.35503000050328
370 78.0190553674701
371 55.8607682806528
372 72.68141305963157
373 65.43228609584197
374 60.31233011516837
375 79.63529673715526
376 65.7332731836769
377 46.89308886024471
378 69.07860491801124
379 82.17967154063196
380 71.23417347665657
381 54.43578662525249
382 82.02912564013175
383 64.89341134629075
384 62.20539519082055
385 59.49024928714353
386 72.0702439225753
387 58.547489767208404
388 68.19420037745732
389 66.98153612340951
390 63.14971371981422
391 86.72883290003838
392 69.91875220469348
393 53.90422219664577
394 66.10114272191684
395 78.48768775555125
396 84.21397461009722
397 75.24709020319564
398 31.748647792065963
399 88.82717732703053
400 52.45980407463927
401 56.7691272251455
402 73.71016416833744
403 65.38121776552221
404 68.80842659552114
405 65.4071108677028
406 86.28320797331507
407 72.17156819641065
408 66.54741843035463
409 80.08764630930034
410 48.36063538673762
411 78.03195548408574
412 69.88951460472924
413 58.53569893907882
414 85.49264974203365
415 79.5198127259551
416 68.14307074583321
417 73.22553051751413
418 70.38120926070685
419 76.25277530471989
420 90.86369508294615
421 70.11157800836669
422 85.84772376041558
423 67.76598388775548
424 105.26147580541422
425 51.88030216514541
426 80.04458536442736
427 81.57642664234784
428 60.64522385188724
429 78.69446990206718
430 69.07333146463334
431 88.59955610102946
432 80.21132041805704
433 78.94008849772672
434 63.45741120977021
435 78.0149555063023
436 81.54966187242468
437 50.10036428506547
438 65.63929022097487
439 56.25270280097216
440 75.90053060282149
441 79.08506166459541
442 70.15784079924067
443 90.55393978656284
444 64.19927718652397
445 64.90019150489977
446 83.87982194542967
447 84.00653336678131
448 85.32846548982425
449 70.85229004475451
450 90.3587410627834
451 71.37856738937309
452 58.04021006360872
453 91.37702560300322
454 83.75720870152273
455 58.32015554745469
456 75.0181792606484
457 61.491519686069374
458 71.51956526952642
459 61.262909354230544
460 67.54685634080623
461 58.926015320584135
462 64.01317362967602
463 79.85833252834915
464 56.707278839421434
465 76.25971353866514
466 65.081603736992
467 91.67463709348591
468 44.91908017770609
469 93.01738172020993
470 75.90125622386272
471 64.57129259911648
472 85.56218619673467
473 71.51482494565688
474 64.27692495454787
475 65.3018768262181
476 78.82884457013445
477 60.13703852902498
478 70.53879399934434
479 71.21450287957235
480 58.85563610089072
481 62.96327888721937
482 99.0798990880104
483 82.95062531512548
484 73.07623185284083
485 77.51377937397342
486 78.629176643853
487 57.92780535536413
488 81.92111423437073
489 54.82564976989524
490 76.03039082549986
491 81.28664816722076
492 59.76515721879881
493 35.74790440275615
494 87.48784008133555
495 74.42991250083146
496 66.08329660013844
497 85.74508658202535
498 59.97073558411289
499 82.64254749858164
500 65.64563095937832
501 71.5660323132484
502 84.71819025999731
503 79.63660458260684
504 62.96177527505645
505 61.64536549230079
506 76.42038177913213
507 84.57774484642816
508 82.51583605019243
509 78.84904806547155
510 55.04892512850167
511 79.23932398323846
512 53.94070340734428
513 98.11677242649482
514 74.918312660699
515 68.37018874407897
516 72.49433655424723
517 74.43154650406562
518 59.15109851080199
519 53.99865392199977
520 79.4069889253101
521 52.09971275834727
522 70.31701531455819
523 46.82958632419397
524 84.20822726349031
525 67.57359692997431
526 49.51750819424688
527 74.39058251050733
528 80.60180050478667
529 63.9239358808718
530 63.095684280343825
531 84.72769241987933
532 67.89711233051959
533 67.05996428775663
534 86.56192074225237
535 75.17361269911974
536 71.91698726512229
537 64.88613133377424
538 62.366721893830686
539 71.87670706889502
540 83.55056150243101
541 57.492999648430775
542 60.31440939316061
543 74.7810314526793
544 71.29751274777664
545 78.15860573817729
546 73.20653017924793
547 53.84802318991323
548 59.795228513284094
549 79.15104020999387
550 71.80685967302742
551 71.42363485064382
552 80.41674919889604
553 62.27889144476517
554 78.84679154810605
555 60.9760849428238
556 63.2303231428741
557 73.23647242592074
558 86.07463959226399
559 92.33634766730015
560 83.75693899323544
561 89.36309949581732
562 70.92358942261048
563 68.34982148011852
564 72.36506827199277
565 81.11711616251065
566 66.27539792816135
567 74.4297435370032
568 65.10206836543685
569 62.58266065853205
570 75.35416765062382
571 67.33663681150448
572 90.06776054300337
573 71.12897057494914
574 76.52345453322454
575 80.72676438129778
576 82.09826056013478
577 65.63404580505396
578 64.64581280620519
579 74.61372727646302
580 75.54599652412675
581 71.06781834915343
582 82.18039845702762
583 66.57491966455176
584 76.39317132064666
585 62.28593939517121
586 85.76139510112927
587 89.24714140227721
588 66.75071481207374
589 66.91967096021199
590 74.68548376798351
591 77.62360681948627
592 55.22823834698015
593 66.8124101842248
594 78.45492215682425
595 57.073932678107646
596 77.52457832783183
597 76.39543403662027
598 70.93134595914265
599 82.67359816571786
600 55.06671039665329
601 70.67290037939242
602 87.54591891972872
603 73.73442736214263
604 67.387017212408
605 62.082480855971696
606 63.53851670328919
607 69.85109593316055
608 78.67785689261653
609 59.47095581844518
610 55.27667549305793
611 93.89288543508498
612 77.63652152745885
613 95.2573495454563
614 93.68198649831693
615 78.20276127628719
616 85.74208249050143
617 65.75520183639115
618 76.2716791484638
619 73.03562283637415
620 71.65396189615474
621 87.58049434684352
622 62.833447831288616
623 88.02854753930829
624 67.50613571022558
625 67.86553684343247
626 75.05442964470076
627 75.69360987784839
628 63.36673343478994
629 81.33425942366583
630 87.72578785328189
631 71.19079091008865
632 74.28790219817552
633 57.744772135635614
634 83.17831331998252
635 87.10684446984727
636 79.97771127269112
637 57.79759394333804
638 60.577017303772074
639 84.50058835904383
640 89.97387152934714
641 49.966050060229534
642 65.9799653279685
643 50.17617148107824
644 62.27048977009564
645 91.86443387657708
646 91.09478555668906
647 59.38542219549469
648 86.8097657899863
649 35.436532583581304
650 67.03888571312764
651 52.69524498023147
652 64.71231584554707
653 70.08353443752877
654 71.7313298856632
655 84.38847593173723
656 67.77815936111881
657 71.07415159188729
658 70.16122424017436
659 60.97723336793375
660 55.28637936075808
661 69.56013894506904
662 62.64731800276235
663 77.64877700838625
664 57.60930614139618
665 61.58286135037337
666 82.12009530566772
667 79.37052034810553
668 83.50387853031398
669 80.35523096913774
670 52.830992507469844
671 62.929987852578144
672 83.54960075787257
673 85.67509193067984
674 57.202270654607915
675 66.02894463035462
676 74.93648021662624
677 78.26147400529668
678 87.94224481478699
679 67.83527578213206
680 68.31896774709853
681 79.53739798446345
682 77.82474463527804
683 76.55981714714616
684 53.20098744278358
685 65.83119662724727
686 71.3786480133871
687 81.06779440415862
688 70.37280002996671
689 64.55339870507613
690 46.44767072234027
691 52.94789476579863
692 76.3181569724178
693 75.668464946015
694 61.73957720293687
695 71.27920334521421
696 66.24597916190922
697 77.64213676509665
698 79.5172323019861
699 70.20212378181107
700 81.54028355235685
701 34.7262593047166
702 75.44570090615561
703 75.19891548908444
704 69.61192693633862
705 69.8177463769041
706 66.2600324495218
707 54.33103848542905
708 54.67520220387896
709 55.12140394701507
710 79.08385160376922
711 63.38829888118079
712 68.21432794524516
713 91.52927542972276
714 72.8932099122299
715 82.65558959641642
716 78.05706575525998
717 67.29166173149213
718 68.51964286369443
719 78.45570502656864
720 71.31801313529516
721 46.87699846924339
722 71.82995003591988
723 83.46822045029238
724 46.987507466872806
725 67.98664702058402
726 87.06925912705638
727 57.29238097091164
728 69.28512179112558
729 83.36405982653172
730 65.80069343220612
731 60.18631783162506
732 86.53245134055346
733 87.90145613062792
734 85.19242995703951
735 76.04277000335068
736 69.49759699811882
737 51.773088107689205
738 91.87118103293372
739 73.09790306715972
740 80.84377746358604
741 99.34758541157609
742 62.78939259327145
743 65.72755712705856
744 79.2808418009929
745 87.7595623616919
746 70.9168649781324
747 67.77173997381331
748 59.10565885312292
749 82.22020555790857
