0 88.34748298476207
1 96.76148278783428
2 101.530976920598
3 101.40540997782674
4 94.78689802349302
5 98.00309910341387
6 90.36617898734117
7 92.57097889807585
8 80.7431442847773
9 93.83394899408165
10 85.59746063132754
11 76.95403333837305
12 81.46980746845092
13 94.43933639656076
14 83.65007289876961
15 91.10014223783905
16 99.33869386762505
17 86.98145864094258
18 87.57915760315771
19 90.33295784441863
20 76.02372677740547
21 102.95130367145693
22 87.90691056847557
23 85.29546484579886
24 101.52650350473267
25 89.5932547519273
26 100.45073180624922
27 92.01154134741718
28 95.26181623161453
29 94.22863753830372
30 97.54095606791083
31 105.07967121291912
32 93.58748546565873
33 95.92241377001109
34 82.89609052082908
35 115.7893587905012
36 87.52615035283237
37 91.55261140976606
38 81.07429767436318
39 98.09011466802633
40 73.04357712735303
41 99.88340690150223
42 95.48749758667927
43 91.6513123379729
44 88.09450334526696
45 83.66192641077421
46 91.06919761431793
47 81.17177121918073
48 72.25192874113442
49 82.33324620764573
50 81.9162019391838
51 104.13264262017616
52 101.97486562293315
53 94.19417942535217
54 91.86815501116965
55 95.66733316819703
56 89.55197405296569
57 88.3619966385819
58 87.2652492342322
59 104.26960594712791
60 82.45372645340248
61 85.88243396538856
62 89.26378832570173
63 81.2836118247997
64 91.47901291315951
65 87.4085162310391
66 90.20572099243121
67 87.04305963322608
68 107.06479958544679
69 91.31007417970562
70 85.54023188298113
71 89.42806347198731
72 107.06912413509579
73 89.2055544554437
74 80.02414260951385
75 102.95004784222552
76 71.43749887949848
77 94.68074973198284
78 86.80847942792325
79 88.07837519197034
80 95.12911800371555
81 60.05286520374442
82 97.2608334889048
83 86.48087824670709
84 83.81300762518626
85 89.07715183942035
86 97.88451567901821
87 83.9029916069939
88 86.38732351204364
89 88.87123034346038
90 96.99085680369436
91 72.22242836626106
92 80.6842992562478
93 78.37202934698291
94 94.22285399497086
95 120.03667173345247
96 97.68879321176287
97 91.01667521390338
98 80.96174582589038
99 91.92802805674113
100 88.69229066462694
101 83.1305905875788
102 80.59894637306371
103 90.35581509644824
104 80.04275613049504
105 78.92936223820416
106 89.50289033348967
107 83.30867101866212
108 87.98363492415427
109 77.05360585602682
110 94.33604739172738
111 75.22576242886929
112 98.79720423533297
113 110.93085048078062
114 96.0819745902019
115 108.86270620352767
116 79.37918028194777
117 82.00394482307223
118 84.77054595290176
119 78.88928919759934
120 97.67743074156613
121 86.50170707619257
122 80.32543241196167
123 74.12716249998421
124 94.09919640458637
125 87.57265975947958
126 104.04761654536847
127 92.13380457603135
128 81.4688202910708
129 100.00266498064146
130 92.80619708943875
131 86.22173222332292
132 80.55172009149253
133 94.02869902297451
134 96.22650502059372
135 83.73728326187302
136 92.15145283952454
137 79.88857469816614
138 94.55801670858953
139 95.57195133797495
140 76.09695092199243
141 71.71959660603547
142 81.51136618418461
143 95.45187684938199
144 93.57217019905553
145 82.15199600195085
146 88.06021093348426
147 91.54099555915724
148 100.49275130605601
149 93.65265820375119
150 97.80426505207338
151 99.73171951635152
152 89.18744008246351
153 94.91129819376712
154 91.03791002097272
155 93.2440275689397
156 85.97358121667851
157 91.719972815363
158 96.99493977761165
159 103.22602306878149
160 93.79362940661858
161 80.89347187144158
162 89.71353742976466
163 102.15153781084378
164 78.21563570501732
165 92.810813252956
166 85.21528134652772
167 94.31613423930006
168 92.1416450442109
169 89.51038508870394
170 94.53069677431472
171 95.88026198812551
172 89.94930391908083
173 97.49667500202942
174 77.5317696200275
175 77.87242259547546
176 105.86619041394295
177 91.27514332732297
178 92.53695965752331
179 94.50642630621749
180 92.06210998689525
181 88.41237011937004
182 96.77581488645747
183 85.25044301140086
184 92.88006190636331
185 91.08186946775304
186 98.26000417854127
187 92.36525118826307
188 97.59967261196292
189 95.05612932515574
190 93.18002097392402
191 88.21449666286472
192 106.3589581998638
193 90.03406305917066
194 92.82777275044869
195 81.52242025868561
196 90.900259697456
197 74.20121001488803
198 94.37465553758273
199 92.42483818626415
200 99.4328114607136
201 110.71808248559688
202 104.12213557150083
203 87.74298987171349
204 72.19498524455472
205 95.34662318643407
206 92.14721689474729
207 97.14186989453981
208 103.2173951029887
209 88.50288872697129
210 80.42590181504875
211 99.54925006493252
212 94.46985798620942
213 94.50165775974425
214 89.78293321704993
215 96.35551141198569
216 78.14411772873801
217 97.89212965307088
218 82.16184603859958
219 82.07295574330887
220 97.14838774815217
221 89.97784437301216
222 81.58318066844139
223 86.95781424108499
224 85.68703517173529
225 94.07083323880057
226 99.34554317994683
227 98.47890595727715
228 86.85956187699784
229 98.43616410124355
230 87.374770016197
231 107.48580471067305
232 98.9490111991839
233 100.95487392435325
234 84.99273858161399
235 96.8857528016901
236 100.37178772289045
237 93.5753985605096
238 87.41142878217396
239 90.73850954794196
240 98.4194863261066
241 94.67779522159033
242 88.80700505357382
243 99.09244749107998
244 80.32907613140713
245 99.82613571186934
246 101.54283070979523
247 94.22851468951633
248 86.3209198874108
249 106.11205982753694
250 98.9020200476785
251 99.25812728597138
252 88.1944008041018
253 87.8371993166366
254 96.17470656184892
255 83.78526156923064
256 100.08000806737705
257 80.28889890778015
258 89.1777997483465
259 97.52826415058054
260 82.005024090696
261 101.37179778152273
262 95.49914085662715
263 105.4678380712376
264 95.31678591504959
265 94.69660055323774
266 91.04637781540082
267 88.95399790118128
268 88.6312747231268
269 90.30221700747175
270 93.23027165194871
271 91.04262443451599
272 93.30170819942349
273 104.49974463392891
274 92.34149254872432
275 102.72054254486402
276 101.11264229951715
277 87.63048840165037
278 89.3369073996914
279 81.84344142049636
280 90.72618684541987
281 77.93080227965777
282 94.38990796177333
283 91.52618343139122
284 93.60340415833049
285 84.29087901712782
286 81.84350372864418
287 83.08554837641228
288 93.3787410441011
289 90.60201287435558
290 98.58747573984903
291 91.81413092511701
292 93.21473134942613
293 115.91997016823088
294 98.56301248303764
295 71.6255836441628
296 85.4112732986905
297 82.78766696612094
298 93.93560235080696
299 89.6729786500054
300 102.81510932694236
301 100.53740749738134
302 93.28019100740146
303 92.71088690227673
304 91.46965443597014
305 105.70496493091566
306 100.54562236174336
307 80.45179506713997
308 95.12801155288483
309 88.19408574125649
310 109.96156076024769
311 105.69925203796025
312 93.46178379043245
313 71.04559396926757
314 94.60377361876404
315 92.0223457156329
316 99.68693360701477
317 84.8852273829411
318 102.24958804221436
319 79.95212286910315
320 68.64981690841682
321 84.25269547692628
322 72.70897944740325
323 93.75008910455568
324 88.15562225330663
325 92.42740400003176
326 70.76473992778408
327 100.23760934889089
328 108.79580503005306
329 111.15675064441744
330 86.14568528380302
331 98.57909065497
332 89.76577003862202
333 100.35280069005077
334 87.91519667683035
335 94.38748049940867
336 107.20080291988701
337 84.37226089675471
338 99.76236801066652
339 98.23296903869998
340 100.69853403665809
341 81.5935833340921
342 87.92570338531796
343 81.8145821452909
344 94.4998713927815
345 81.70729601691703
346 95.26461662647004
347 91.78729145609239
348 78.39669794433188
349 84.96555834310539
350 84.40329787222481
351 87.51497907066742
352 85.41376892175666
353 88.705355729941
354 95.57588947189986
355 81.2768494061431
356 78.82953020580564
357 90.72601117368151
358 103.44064386064498
359 97.3376353445751
360 91.36721337198985
361 92.29529049219215
362 84.52639713963549
363 86.22548090576747
364 95.80751853947348
365 85.9369276078581
366 106.22720381169219
367 84.58722080171208
368 81.36896267675144
369 77.22404650013783
370 83.62968468452247
371 88.80972934200139
372 93.34831786300552
373 96.80207082649456
374 87.55548732797874
375 77.32864367410828
376 88.05432796103923
377 88.05758666074665
378 104.76136878597679
379 99.24923417291059
380 85.06242738058076
381 93.97468557542491
382 95.39940571160739
383 106.97626973992476
384 102.69190820201615
385 99.94533978677656
386 87.63307404975033
387 82.8455750573401
388 93.27730087778542
389 91.52275429859505
390 76.73961931789772
391 97.14834280351131
392 78.53328068184496
393 92.59948541872951
394 71.62579649162001
395 97.79977265862344
396 83.40710187422448
397 94.67274640268364
398 82.16534694879627
399 87.14862185856012
400 111.81095942558134
401 88.37982963301687
402 91.77036497748423
403 90.27460367981013
404 96.755785993639
405 87.29636833598342
406 101.53153606699503
407 90.29293622348168
408 69.19453588722683
409 87.95282485235536
410 90.43664448827724
411 74.85343766003659
412 88.3734374738822
413 97.43326924720103
414 100.2658421641239
415 89.26010329218894
416 110.97819340117177
417 100.69526195772079
418 90.6615062312321
419 97.52790668774031
420 95.58686613513223
421 104.55309830194867
422 76.82817391793023
423 95.6002038162123
424 80.99770339906941
425 86.15704075220525
426 107.87885648354643
427 98.86500186096943
428 117.43396475959797
429 88.06669678725767
430 82.02663323155096
431 91.29335038276815
432 98.32355779461757
433 84.20178677409837
434 84.59471548985954
435 92.02851644227202
436 97.19943621946935
437 102.00423577980537
438 85.54255490791303
439 89.92041474194288
440 85.10698653054068
441 104.39202779330024
442 77.21207172673638
443 92.15262602693913
444 94.61525475489803
445 84.7593508319157
446 89.23500219599038
447 82.1659352315411
448 95.2565242287845
449 101.95710213279929
450 71.41725757369073
451 70.56461820366249
452 104.62383465387276
453 65.01880887325498
454 89.10185559764086
455 89.22822592092159
456 73.72748973578425
457 95.93552193242621
458 88.24968038819075
459 90.58678134960864
460 92.16734448410938
461 87.03837980102372
462 90.94491079280715
463 90.88405507856581
464 108.92569763006792
465 77.29007520414294
466 87.82082935433509
467 82.96818186099149
468 84.2373438183478
469 84.1970404386441
470 83.15783580007334
471 97.06503751495184
472 84.14779096342889
473 87.76816385907861
474 84.77354054436512
475 83.42561047581376
476 86.88710203251529
477 95.76975243181009
478 99.30881163376257
479 85.87041178075509
480 111.37169053249863
481 103.6575118986949
482 95.8252461223303
483 87.55640883170825
484 98.78298455820877
485 108.48094046334501
486 78.82392077777504
487 98.331432405404
488 79.04374323236553
489 89.86837279619772
490 96.37262040782383
491 92.63373139826103
492 93.25670644696729
493 93.5208916974274
494 101.58543809283717
495 105.14657309120915
496 93.30030249051617
497 88.43542941503037
498 96.24439560724976
499 91.2743146805219
