0 84.74876434453498
1 89.92100609673709
2 99.23109339172971
3 103.3867714892956
4 94.33502918198069
5 94.03245722081712
6 89.81555774288319
7 89.46682760515027
8 92.53294843859986
9 107.45875475236716
10 92.15161756413276
11 90.62417234986721
12 82.6284848321471
13 101.25653001121982
14 82.81033794725421
15 130.76566975459392
16 90.19976417422082
17 118.63507888013018
18 78.11843608179694
19 94.22532336934945
20 102.5159097129033
21 99.48671527687418
22 96.05981667122914
23 118.55310925313886
24 92.73591485539147
25 111.69183487904331
26 80.58297929779762
27 94.85259647601214
28 113.56318903719335
29 100.34298805693253
30 105.25967959530466
31 93.29413196875852
32 90.43546061323171
33 91.06421981317027
34 95.17693295407582
35 82.59951070631126
36 113.46425127099576
37 87.26235066535189
38 125.31150143654388
39 119.29963749081759
40 115.08731515633562
41 85.56260709802264
42 112.43434042048348
43 87.94959746865317
44 122.95198239770868
45 105.51899507308984
46 92.08417941414544
47 78.95869826618441
48 82.96085381300095
49 80.93662940874347
50 80.48852710890523
51 95.84453463774226
52 85.69781943602653
53 97.16752760175939
54 102.37875829300451
55 97.31873130574894
56 93.91934845667981
57 98.6423432525469
58 77.10430990034253
59 87.57082963617403
60 67.46479182954432
61 102.75148018934041
62 96.81063089772324
63 101.27564119161728
64 89.26179857824843
65 94.83394495926991
66 77.15833666345698
67 104.34563313058007
68 95.80474987245238
69 91.60679996433892
70 87.01844042580822
71 87.48643544919838
72 75.06589815700681
73 100.18306877464634
74 101.77684068395436
75 114.55553402632415
76 98.17915721688773
77 77.63153111492623
78 124.92003556931492
79 81.08207794893276
80 107.20523287907905
81 90.43855900199902
82 106.97456202259558
83 91.98529124265431
84 92.52272594634802
85 118.2143735413925
86 90.24078605714215
87 107.21205178734084
88 107.71035129093873
89 88.95670029413635
90 104.02180147652494
91 102.37838607741533
92 129.62210902906773
93 94.18512806939465
94 95.98482752006225
95 117.80419276833992
96 116.43357715190416
97 91.3936500857846
98 130.5840200762537
99 78.22522459688271
100 120.51835336891946
101 115.78509561352271
102 113.57930921541855
103 109.70797396830646
104 102.33427705504296
105 100.4509932010694
106 105.00131730024002
107 91.81989956909264
108 107.01277591048549
109 87.622119843653
110 118.73645510780261
111 120.88485500572678
112 118.95537011779452
113 105.34364366922942
114 125.89859090517716
115 97.59870305027535
116 115.73120756799334
117 89.02252268634
118 83.75166047356184
119 81.63200377844757
120 120.8363854044098
121 104.95881333732851
122 99.39438077983796
123 103.66465100563404
124 112.40181288181182
125 111.56653208197373
126 100.38035779055672
127 88.18970940683741
128 78.70197254280059
129 92.94790526972294
130 96.62868128323522
131 98.75306933476665
132 100.94302470993887
133 77.2686663416655
134 106.04475127296442
135 121.77678383065063
136 86.21556722399718
137 85.25244051384911
138 106.35426838667075
139 89.13121411844735
140 102.57689103354265
141 94.83023672462781
142 80.01293526226691
143 114.95377317567666
144 117.38315294049384
145 114.44406474934368
146 100.44994083188554
147 100.93552028876304
148 91.51303396102836
149 93.48120405497738
150 110.44763023526565
151 86.4583541870573
152 94.40811036631321
153 95.08545945266809
154 94.44735510101782
155 74.476440302028
156 89.15334780429036
157 110.69765602078644
158 76.50315248934109
159 115.41239525620212
160 91.16519098345867
161 93.02161998546985
162 105.57421410007187
163 105.24778404517924
164 87.99037462006642
165 102.40077836034907
166 73.2322755894435
167 86.02357713051579
168 80.92413937968664
169 87.4937931058151
170 93.16621978408999
171 105.92018698481345
172 99.89058029389008
173 83.55262034864386
174 94.97193836845628
175 105.76401327443931
176 90.21295359203336
177 96.77614212506734
178 89.25831915375376
179 95.47182720319671
180 102.03195670566255
181 98.10055818676925
182 105.31841503338882
183 76.80446576557445
184 98.85500561659113
185 84.66540963408251
186 116.73743414179383
187 87.50375479148127
188 108.5437691531477
189 110.79614256405263
190 110.63293330931351
191 117.06853336159415
192 114.28871275458795
193 93.75661988682927
194 99.21513755687016
195 98.77890733788774
196 111.3855236245451
197 95.5935076224241
198 82.07942545058262
199 100.72520514275365
200 80.03637966446024
201 106.24899057568415
202 97.64602736577902
203 87.38697720319543
204 100.42669382711821
205 71.383026782193
206 97.82237537593417
207 113.12656231583867
208 87.65381773862892
209 84.08636018936961
210 96.91941595592559
211 82.4376456557919
212 74.2326479740276
213 90.33534052242742
214 101.2202299854398
215 98.73653970368306
216 95.87050046810697
217 95.61484939889988
218 104.9768833356826
219 101.52240115591555
220 100.99634042287427
221 112.83808791117487
222 82.50977862631304
223 100.76059202292991
224 97.33389084747223
225 104.80358989484911
226 98.42782449332852
227 108.3797500745578
228 119.97031180400434
229 77.79883363748066
230 85.12583906308801
231 86.36867793440089
232 103.02882002781502
233 98.93398926332533
234 100.17816097352906
235 99.10206019760953
236 98.4640236085172
237 78.80373974999264
238 94.34223179999239
239 92.33604989387116
240 109.94560357451613
241 89.45192899024904
242 101.30114944806043
243 78.56312383062222
244 83.38788999960715
245 107.71403637978403
246 84.03291060390798
247 98.13299262086979
248 107.77633004304802
249 87.8265168775255
250 104.04555405398581
251 91.82600605623979
252 74.04099225459446
253 105.82135632830402
254 102.47032731394563
255 121.66298025993116
256 125.47870761113005
257 103.10974202197066
258 109.08813076518256
259 92.83115342852932
260 126.46735728773437
261 95.43875261400967
262 106.1195735494901
263 93.4187498150122
264 99.3752729640982
265 98.60054179046688
266 99.44379413571598
267 88.72917648608276
268 91.94942295297126
269 77.96067503068082
270 86.55223290509797
271 103.02989612770313
272 89.2705347227495
273 109.95864768162127
274 89.36793256504245
275 122.2924559516532
276 102.36097348381614
277 108.20938238219685
278 104.8126974699971
279 89.937735723032
280 90.50669626313258
281 89.10424377758385
282 105.20367501751763
283 83.19674922324633
284 89.61298356259756
285 96.53338483670909
286 92.35912042623373
287 91.6505197873802
288 78.11474460358053
289 102.36933015706481
290 71.74279551600883
291 112.97549962254035
292 74.7001336386607
293 107.32925269234713
294 97.01007164207319
295 97.61926725747259
296 76.51926651021415
297 103.06564294992725
298 96.27562386325403
299 103.96435604285844
300 111.11987408543912
301 127.4537461135222
302 113.16135402425905
303 108.67104758539692
304 111.2298996367431
305 93.03826576798016
306 103.31000317534038
307 88.79219117989531
308 106.2472548172341
309 101.74037116896015
310 115.51090163718537
311 112.23462395069463
312 109.67386795964974
313 112.19279860350257
314 99.4111904344096
315 107.02155102816589
316 107.97832490907214
317 63.7275702616811
318 105.06762868387742
319 107.72929914775133
320 88.88696049541049
321 96.6066842574818
322 101.48142606411798
323 97.72739615051775
324 102.74166808537029
325 112.67084329443942
326 83.58128575927479
327 108.0639803719216
328 82.57980036936011
329 95.19376435722417
330 90.26241298658994
331 88.62272068814512
332 82.74622776852952
333 93.11150399815274
334 110.81382647963105
335 87.61607912529551
336 125.11100315867407
337 98.46579630427888
338 92.88381888082647
339 102.91704862038328
340 119.96446212840904
341 86.61183929587946
342 125.34793431263058
343 82.24578281518008
344 88.84815022996034
345 83.92406378689755
346 101.850465208392
347 71.64077783383475
348 82.16572524448605
349 97.26494735540632
350 128.538529003847
351 91.10463441316426
352 102.86849813713646
353 87.22928083782249
354 89.35478957703388
355 83.64405046680633
356 121.2304534940457
357 63.415285213892325
358 96.15549397906808
359 100.61678852631627
360 86.53383352304317
361 80.41637742463979
362 78.64818543806382
363 97.20565990631229
364 107.52139565884916
365 75.46292170798503
366 88.71576620039988
367 69.35474317808276
368 99.04206109084618
369 95.56760707788155
370 97.75688693713496
371 52.07757336221918
372 92.98289011148374
373 105.0992617040871
374 114.50109665206611
375 103.81567929406226
376 103.30467802260928
377 72.12422187700241
378 112.89418114019406
379 104.32249259796363
380 94.37557652396197
381 85.14141900443781
382 81.49029369157714
383 104.12229129007126
384 102.15696433296111
385 112.44920197079445
386 100.45075309766894
387 94.00184261334758
388 124.02910350402611
389 122.7367883344851
390 87.54683612478118
391 66.76349257610394
392 103.03460385121448
393 102.17666994523886
394 81.84215851908799
395 87.90630888978991
396 69.04431949642688
397 105.5043329183309
398 96.02620453987312
399 104.15232999068304
400 96.27263544265438
401 93.50890331538261
402 71.13466413124296
403 106.28999456251745
404 108.76289975014534
405 105.54753046376841
406 76.79243533344724
407 73.36259504637802
408 107.21706028286292
409 106.6031394253122
410 108.58204546018466
411 97.22480750287781
412 98.68703749240473
413 113.41287217731902
414 93.89106282148376
415 91.13805634747604
416 100.09247807082401
417 87.72216566874017
418 111.59347774717287
419 89.23365238952921
420 54.5376032405227
421 86.46566433960045
422 82.99201855401927
423 61.753475659379276
424 83.60254446019265
425 112.63666231667256
426 93.17567392369766
427 104.44682012485816
428 121.49402908578311
429 79.31907237663887
430 78.28461285484646
431 99.34571560820983
432 111.87538762102105
433 63.11192017588888
434 113.17950709580028
435 82.07624034638053
436 120.07744079352248
437 90.63452515390625
438 115.1467439915502
439 115.32822446454219
440 97.03843576092268
441 121.99604826648209
442 95.1236796792633
443 76.1969708860621
444 104.40484372792737
445 89.64812955752028
446 130.78732815250854
447 112.7776763179365
448 97.79963395362134
449 98.04655246978534
450 116.69166070574215
451 117.21664464348946
452 89.39088416890579
453 115.80571690976517
454 102.42958855264615
455 107.30890414980217
456 99.50860162580388
457 103.94872348688473
458 119.99961757072062
459 111.21913018254737
460 97.10739844450941
461 96.31575944051316
462 119.5047687429557
463 94.65633899594906
464 89.62962664549065
465 94.19974293986283
466 85.97680910713173
467 98.142099481474
468 118.09104751324031
469 111.22983224630613
470 105.00984268448218
471 111.59308546016277
472 90.99309037305399
473 114.91168341368194
474 92.4255805012605
475 71.441485924139
476 91.32098425665656
477 111.35102124577288
478 84.65983875675965
479 84.29262216516013
480 105.81488062462184
481 95.16033592439074
482 114.72593490468083
483 115.99191143986343
484 88.45862891958113
485 99.44743317286375
486 100.0513791979052
487 100.35225327699862
488 107.18377386855983
489 97.71552356352227
490 92.15399192462273
491 102.48304056768802
492 81.09632812438075
493 81.13723869132635
494 103.75221359835284
495 93.67757622235102
496 98.7945074139205
497 89.16597524598554
498 92.50022164620242
499 97.61668276089196
500 121.83694440701531
501 95.51273718772968
502 112.72012402154098
503 129.94184282083188
504 102.59404666899385
505 82.94932622445376
506 87.70933494459011
507 97.39664537062363
508 124.4787080823788
509 95.71321002494749
510 91.21563553697752
511 76.17958724255324
512 111.1159093867397
513 102.71202864397738
514 93.89455541212996
515 87.25914276022681
516 113.48960684481271
517 94.14672031500346
518 133.53410237445638
519 99.79616801774841
520 106.19607475583983
521 118.0912401419755
522 85.05677336149117
523 88.23407324748473
524 80.61016253612928
525 98.27661390394668
526 105.8098582498344
527 112.12072251949878
528 77.35143210506666
529 120.99558125445952
530 88.51991737392066
531 94.01793647102701
532 86.0690487033233
533 112.95962503169257
534 80.42607206047448
535 107.57984240033967
536 101.7309880058607
537 125.63159647643802
538 85.62344965176695
539 91.9715152251872
540 116.90635699950587
541 111.68312953918432
542 96.07502888907078
543 107.08533373074951
544 86.73582428930425
545 83.98108666794397
546 86.27247105835022
547 81.88564621670052
548 79.3624500914919
549 104.09866174207176
550 106.7835070077804
551 83.61437508816516
552 117.31777071193824
553 84.24440944481054
554 110.05328059546197
555 89.30330030569635
556 113.60629989025735
557 107.89505275853949
558 117.62480069199458
559 102.1935802955457
560 122.87082483164816
561 105.03706093117346
562 64.52015933007648
563 123.57343435419762
564 100.4434179031771
565 108.30900607478556
566 104.78411308497782
567 94.71833427866447
568 100.91677779333304
569 112.28685511639499
570 88.02693532237689
571 98.56480684868734
572 96.18492295356472
573 117.70255327215816
574 96.99848153105894
575 97.02048467769815
576 96.64450322134572
577 98.50603518383933
578 75.68666314442817
579 111.51190864172625
580 116.59641405360176
581 117.43958891395637
582 89.46151621416615
583 109.43873255121713
584 81.92710935973257
585 102.8248127536365
586 125.60198394983675
587 88.58485181585405
588 98.39013109687139
589 85.29604773546606
590 87.57904040560346
591 79.0002749810472
592 101.62053132185613
593 87.35523875541288
594 102.28354324260214
595 86.64608543283694
596 84.90159691920553
597 91.82027090264965
598 101.11294015280919
599 95.48176343857558
600 95.66484025309384
601 109.966614174886
602 106.7103016418795
603 101.21269862163267
604 104.22421141086073
605 96.9269204906003
606 92.55548829922566
607 82.19669437287476
608 95.42013787208106
609 107.96587670275974
610 87.23407776525035
611 97.25697904870236
612 89.43031079357257
613 133.7285026594064
614 92.39274748122905
615 97.76897786159013
616 130.79462071869278
617 81.62954075649273
618 74.55555049769637
619 120.34543350536428
620 112.45644358690902
621 107.04168508628612
622 110.42108667027973
623 93.26136162270483
624 101.06597059750871
625 82.17038863516765
626 79.5744679181534
627 105.462756308905
628 77.75906284288295
629 93.6500721035748
630 104.38371446612264
631 90.56989359666127
632 101.67125238080932
633 87.80459622727676
634 98.36015864950149
635 91.17844244755717
636 104.05713358957236
637 94.92808168044085
638 81.7434891662358
639 109.8762715691187
640 74.46591565757531
641 95.55526851622867
642 95.15762030819697
643 103.76883123673679
644 74.58088025638257
645 104.61053155375629
646 89.04277474147173
647 121.1498741772464
648 94.42753734138286
649 88.56074549515097
650 108.99789280907248
651 94.05403841189808
652 107.82732945370667
653 102.23721643813829
654 98.99433847617068
655 103.6022098680645
656 97.98979759853287
657 103.39792311694477
658 105.78994672620647
659 75.8914440549013
660 87.9896973028902
661 108.24994787375483
662 72.0045736320576
663 120.88077775226698
664 75.87039911921146
665 118.1859817968229
666 86.54521988774903
667 101.66770681560274
668 98.0851351372336
669 91.12768297725454
670 84.98767941984002
671 90.12714903574317
672 98.2310244580244
673 105.72170424853182
674 99.2802455459172
675 103.52088306097038
676 87.5758594449177
677 105.91291711333375
678 73.24439956567008
679 97.81706803893833
680 100.81498293216146
681 75.47395514357162
682 110.35592032029977
683 94.72450818877947
684 87.53635766480892
685 111.67919305237314
686 90.51505984005
687 107.70660879514173
688 108.6394696742212
689 110.78066130065679
690 104.58226830428198
691 97.84694592855477
692 65.62687715393865
693 104.50078004809508
694 105.20987580373348
695 84.53323282125075
696 78.70960338896897
697 106.21666144396717
698 110.04093526754157
699 88.75026667834412
700 109.17066652161027
701 95.76551860495675
702 90.46501036923503
703 102.13143923006332
704 84.63544083206462
705 95.89306668664162
706 83.16935979564114
707 100.70281551633498
708 86.2887819860379
709 99.42630673892889
710 88.10652055445142
711 105.76681768091238
712 112.32441651743567
713 85.05873439848583
714 82.09576621795088
715 84.99611369222153
716 123.97630206201244
717 117.57578423265083
718 101.11790453842558
719 96.63627021732026
720 95.29004908064223
721 87.46756414778926
722 121.40014697077385
723 92.2454597692203
724 107.90388355091461
725 99.80924983770231
726 88.6871020480654
727 115.31082538843886
728 94.5781737405378
729 78.92101602508592
730 100.10214039215803
731 120.30791045634506
732 83.87213533559726
733 122.14331499536489
734 84.440152838937
735 108.76341231386509
736 79.53272793160298
737 84.55860540254675
738 135.6352398029878
739 108.80544724696585
740 99.46632756509881
741 102.80742983572368
742 108.98292534487057
743 78.90703992059467
744 96.0699059400722
745 119.50297500309533
746 99.05739180878624
747 100.71452243703673
748 86.66738610810343
749 116.6552002278925
750 94.55813432114991
751 99.48461877216866
752 105.90221665866657
753 98.09451686540748
754 77.95245175063542
755 93.39547702044592
756 58.85450234394212
757 97.32946684411282
758 117.8465672842444
759 107.06630382334825
760 114.2983810681049
761 106.06988496818072
762 89.53636688841571
763 128.5202624555302
764 100.52139593017245
765 83.86957601587608
766 85.82744332414497
767 96.57570441533913
768 113.13472084900775
769 86.51538288957786
770 115.60524131604045
771 100.3352838487122
772 99.60444667913353
773 77.59994658298672
774 102.47724921529588
775 110.58563910791214
776 118.51740936663906
777 107.90067210117994
778 93.41742164415291
779 90.4893912433213
780 91.00753347199625
781 73.57092744685045
782 107.04787274949781
783 88.72215614687796
784 91.00205090914555
785 99.57267882634298
786 93.14712796687179
787 101.38177368381426
788 103.0932131134988
789 92.41252175545051
790 103.15802186979907
791 107.0905950227726
792 97.55868032089663
793 100.54645676756874
794 99.27800281702604
795 97.69996649893903
796 110.0835228410212
797 113.21386913860509
798 145.38682949369922
799 103.65738658375317
800 95.45143850826551
801 117.77763843226003
802 114.99023193225248
803 93.92806379475822
804 96.31743883405319
805 100.90228334094779
806 109.2686389458291
807 92.3587598283133
808 100.87154607367857
809 112.77709367064845
810 112.10995594737828
811 96.04892582074368
812 106.19775147266292
813 61.599074854647135
814 120.53714635495861
815 109.56517002432855
816 99.40338009576378
817 74.6968664729326
818 98.34198154653711
819 98.2858016977835
820 99.35141034849572
821 110.52209313621132
822 105.73707719770651
823 110.9473720705735
824 118.46539468953172
825 87.37392671798999
826 89.10652487639075
827 87.93891536659987
828 86.01664240526233
829 123.91170042629861
830 102.57010800972242
831 118.36185135519612
832 100.46822071538472
833 66.7026038795191
834 103.27846904382707
835 82.04119182673728
836 91.93779490507666
837 85.13205858829608
838 79.35004025803248
839 143.11384537543546
840 107.01045546952784
841 111.66314751917307
842 115.14099537354494
843 72.29989056249694
844 107.57389638249239
845 112.8342603634342
846 86.71574386166303
847 108.25387134659923
848 126.63550099522189
849 105.95787554109158
850 72.09216555446194
851 88.43119950609274
852 74.26133210051145
853 99.32376652651374
854 96.74039068202002
855 98.47251375547363
856 83.44990327945473
857 104.76007217586154
858 105.58758254487668
859 93.14485445082559
860 100.33827710056391
861 89.95932326911316
862 104.58281207063179
863 117.13066561127381
864 101.70739692967894
865 75.32057220237654
866 95.20078877706614
867 96.04136002232218
868 106.11319958428801
869 87.10592747414691
870 110.28662700223269
871 112.25898858138692
872 107.27673486408894
873 104.39942310035404
874 91.7560628263675
875 92.85311024176129
876 91.48744406429522
877 91.75153296080765
878 106.49994373069777
879 85.8727409456196
880 90.82621358209737
881 114.78101872841262
882 110.38238836911773
883 96.97301132116431
884 94.15721104760607
885 85.68590523334957
886 113.8105847494829
887 87.98406961315064
888 97.81798399127312
889 140.23207382150426
890 97.1517674944478
891 92.84301456395575
892 68.02462050468364
893 83.43738870514062
894 94.5584891195398
895 91.79900572828004
896 105.75859946519391
897 103.43524979250839
898 90.7472450197104
899 84.51301118094389
900 99.56396816408953
901 74.82046861383455
902 112.42893673965017
903 93.73932168630705
904 110.86093729781116
905 97.29221409235195
906 83.01651818363665
907 111.69902804348007
908 67.37863686217882
909 105.08762486768101
910 112.38119256927041
911 91.39371143370019
912 80.65341632969918
913 96.04790816832963
914 102.70231263439356
915 99.63758433186187
916 90.38775997429046
917 95.98398787235786
918 124.38453268157014
919 124.85499522551063
920 119.67925058715926
921 105.3064683363841
922 89.95579749108252
923 99.39311952144371
924 94.9817810488441
925 108.43206504327584
926 111.79206708541619
927 96.18064394692436
928 90.44658406808698
929 101.7888914969586
930 76.8799952495847
931 97.46916522137106
932 98.0835422599618
933 109.8856730273585
934 89.41323749444685
935 95.36294035643095
936 111.81843995761191
937 84.4561174931949
938 97.74315215556545
939 85.72766523051061
940 66.93961443933145
941 105.0995892947654
942 91.78278010350364
943 104.24650064380494
944 91.79626627899957
945 94.29786081271024
946 105.21761420969163
947 105.68459854899575
948 107.93528235788824
949 103.9263464650297
950 97.26394309539229
951 108.00813272456955
952 90.28615315648611
953 93.3095127941814
954 102.74334519450775
955 93.61190097722333
956 97.22471618803569
957 109.9452380087641
958 81.02794740712127
959 96.54849811336635
960 114.34988491196523
961 82.68489358988043
962 99.99143914437576
963 114.33084841347069
964 101.07986320198911
965 120.08372673417146
966 91.05151533341481
967 115.53714776764416
968 87.54111593356161
969 77.88597999716963
970 75.00991766738923
971 103.03822629058324
972 96.98692727541294
973 87.60086158926073
974 110.95895836629717
975 94.78819653942926
976 99.40756001971454
977 109.79990139704744
978 80.04456986734182
979 107.31168257999069
980 79.871589587766
981 108.16088234237029
982 72.14882896270089
983 86.60347197463952
984 83.8405608153654
985 90.49185940605562
986 78.90594514816976
987 78.94062917302726
988 89.14233414571532
989 91.09914918652935
990 83.94537546530678
991 89.69448316184834
992 79.49936127038625
993 102.15335783669008
994 100.85926177616375
995 109.59145109863763
996 85.69675964683306
997 92.44596011194226
998 90.28386706285728
999 106.2232649924296
1000 104.20680587462174
1001 89.45829761185425
1002 101.12549843574926
1003 96.93732121373064
1004 98.19458239871749
1005 94.00441087905446
1006 101.07078241270338
1007 87.7879999168277
1008 107.14706370539064
1009 94.61483730681944
1010 113.8091260500218
1011 103.66649770224865
1012 99.56580610340917
1013 104.34624379005209
1014 90.11330741405689
1015 104.29966552942358
1016 89.84295436748309
1017 94.49191033077346
1018 100.39375775499079
1019 99.87989684063915
1020 97.64655010392832
1021 110.4702510301698
1022 93.43735462539942
1023 104.12898809187631
1024 89.2936825060031
1025 78.80402207465517
1026 122.17558176167887
1027 128.2545667389495
1028 101.6472963157627
1029 114.07734025804002
1030 86.97527539413305
1031 89.55230269064694
1032 104.02535616098068
1033 82.6456278606464
1034 99.05162285604942
1035 93.41674631006045
1036 89.5397984714676
1037 80.99713071348177
1038 122.99292627907325
1039 96.21465418723452
1040 93.93272687259264
1041 100.2318680377284
1042 103.41313432155297
1043 103.81322831664393
1044 110.25848902516204
1045 117.41939467673176
1046 80.74857048347701
1047 87.43250042849043
1048 93.1588335568122
1049 105.62401092024423
1050 103.57650097581187
1051 76.53380322297612
1052 94.34228705208994
1053 98.42651283019336
1054 110.3066873473344
1055 131.6191722580858
1056 98.54682026844135
1057 75.93018921087214
1058 101.51961342264221
1059 94.07492502142178
1060 97.45830585966084
1061 85.80054448934932
1062 102.80411315996109
1063 125.98465227128113
1064 87.36368077394552
1065 88.69313918590238
1066 94.6066218296548
1067 84.59835068319381
1068 104.0547738622915
1069 87.69124373787045
1070 88.04369757216637
1071 92.05048250312889
1072 101.23460850217658
1073 62.98672458972623
1074 69.75694430259796
1075 111.81530189455223
1076 91.59062866137488
1077 88.16064251295683
1078 89.1662080510997
1079 98.24361168043403
1080 112.32298944671176
1081 97.29425175632007
1082 95.64222796795671
1083 95.96926180255157
1084 88.61056865532453
1085 107.18699027634509
1086 90.13514647702604
1087 102.33306505854132
1088 115.75304363607815
1089 116.59039157268755
1090 94.04035633620094
1091 117.42943828694098
1092 89.8822740709927
1093 94.17953983093442
1094 128.32299264138936
1095 72.07000211661205
1096 106.00729285153211
1097 104.85209075289697
1098 102.60383084695233
1099 106.66976851147848
1100 107.80045058188801
1101 114.67858069469123
1102 98.39361531164248
1103 118.98011839448267
1104 85.03146917471186
1105 109.666016128241
1106 105.28588812393762
1107 95.71931986036769
1108 90.90066397887955
1109 108.09466635349476
1110 119.48706970379041
1111 104.93846094905084
1112 88.75867492320688
1113 68.5298760400761
1114 82.60825410720307
1115 88.89563390882098
1116 100.01475843926504
1117 102.80141571819856
1118 124.20418789035887
1119 116.3279909301338
1120 100.56990588886227
1121 95.16547950187426
1122 113.49845033354771
1123 67.77261037278414
1124 87.09177219068354
1125 84.12158666434384
1126 120.16449075573891
1127 88.93678297785395
1128 109.35194573409088
1129 74.16817009234646
1130 97.20906383953475
1131 84.07393704619335
1132 83.585081257854
1133 94.98667192517122
1134 106.28371349043383
1135 101.80892857613749
1136 87.3457003910339
1137 114.64703890973101
1138 132.13349282246534
1139 93.5245669889584
1140 103.48810282736284
1141 97.84463667659045
1142 91.05309202455095
1143 116.59616320232637
1144 111.38440484829485
1145 102.08803881407367
1146 88.77169806446159
1147 71.37542145658085
1148 117.53576800994215
1149 77.22704982394835
1150 78.30926384382511
1151 116.82061990733216
1152 86.37026976592998
1153 103.17537071210494
1154 84.10467555012443
1155 74.50221978386443
1156 67.74556568114679
1157 98.56800166308781
1158 102.49214876706009
1159 87.12010510077172
1160 117.36011291452012
1161 120.75536618227223
1162 104.01454133369914
1163 72.52532344400713
1164 99.96684963570972
1165 117.05712877273265
1166 99.26315785159026
1167 108.45348526075806
1168 117.18609593107453
1169 111.13487819569792
1170 97.89603950487103
1171 66.5586925474281
1172 114.96733675937978
1173 114.80601259740895
1174 111.21734527585922
1175 94.21701000848263
1176 80.7080491544178
1177 121.50344839397246
1178 110.68179255348282
1179 104.1143014463868
1180 110.79834529805655
1181 93.23483057865552
1182 102.16021161462386
1183 120.17113765771481
1184 133.82988626065807
1185 95.87925408195542
1186 113.05750308083638
1187 110.76573758779702
1188 89.81983351429623
1189 102.85751603140372
1190 105.92756284176245
1191 96.99096490475425
1192 114.06894744715873
1193 90.09800622416186
1194 88.87917103888374
1195 108.02142378746649
1196 76.94890058404685
1197 96.0959552338878
1198 127.14610020780637
1199 120.76742753473322
1200 104.21092618047939
1201 110.82919621701107
1202 84.06603319126161
1203 85.07886384794803
1204 97.26815521647289
1205 104.54093378347179
1206 74.2090845744979
1207 84.44852919650793
1208 108.3794720246376
1209 105.82799251466957
1210 112.19888956651506
1211 118.66363449000409
1212 102.34073204136861
1213 115.81322458648228
1214 91.18199410024405
1215 107.38481942223409
1216 87.34218858053983
1217 109.31294806057156
1218 78.78307660361122
1219 88.59655102362085
1220 95.5496978567338
1221 94.0408577853986
1222 97.77090996378766
1223 89.92079469326886
1224 100.8477433142419
1225 97.31459006246341
1226 96.87092121784492
1227 82.3675550487318
1228 100.037769121327
1229 77.34644075637375
1230 85.04607224675952
1231 99.65570654663088
1232 101.90864912276089
1233 100.5639044348929
1234 96.44971414733867
1235 75.78102742412102
1236 94.15867156366744
1237 121.6574031376258
1238 103.41756341709612
1239 97.31397404592127
1240 77.08934514755097
1241 92.05091044711546
1242 93.30549279320921
1243 85.91842819554861
1244 106.46628854157004
1245 76.33869093166847
1246 80.84695471567845
1247 109.37139206392399
1248 72.77070104330099
1249 102.58674431021326
