0 98.83903519769389
1 103.05041789021683
2 93.01580382443926
3 99.02331618286091
4 98.58393766552709
5 147.80345100914752
6 121.47999012797733
7 109.17322084716616
8 99.14625601499684
9 117.2103267476657
10 130.81553904780102
11 131.9890995476674
12 95.62064912398532
13 106.68211082270854
14 99.98049367892976
15 117.18079400748566
16 100.3401602786898
17 100.10484175850083
18 99.10001736234729
19 114.49270313849166
20 118.55021461778958
21 112.15512565870645
22 110.60072641659086
23 92.4201747596788
24 113.66324202340549
25 110.27131453666694
26 113.50914570428716
27 108.64989586884211
28 108.70015294397984
29 118.73545469464969
30 119.14746258265822
31 116.8437957510524
32 115.97951019791452
33 123.90558990956255
34 125.03752191930344
35 93.978716418445
36 111.76608605323537
37 119.54787343805349
38 123.45219999044724
39 121.16427875995186
40 137.7905730339305
41 103.51551708548457
42 97.25655026688057
43 84.466950218293
44 104.59813536588987
45 110.51638501797264
46 111.04871058698217
47 121.00952518299037
48 105.47791022160033
49 117.99679676528353
50 121.29856966666021
51 112.88869937593748
52 114.45472671382451
53 121.9218947836738
54 98.24280135586392
55 104.00145683676763
56 117.84742449583995
57 126.78509972730525
58 128.47147868766794
59 123.220125641401
60 94.45457106250377
61 118.45008043454081
62 105.32908524000344
63 106.86158536837624
64 107.0005922855465
65 117.76612071898487
66 95.78623172691671
67 116.63268780084306
68 108.96700721092267
69 93.55449005385431
70 111.44564723446966
71 115.79273786552882
72 125.09990837200604
73 103.46009045754114
74 117.46696446731436
75 105.87971431461028
76 119.97673438579662
77 100.51625224957755
78 112.55758329647672
79 112.12682348528902
80 111.41709750760329
81 109.05676040993671
82 106.1154638408149
83 114.64922670300373
84 111.45599188329246
85 133.97376321462835
86 114.36970632208553
87 125.27094281339143
88 98.93655835422572
89 130.18610553573293
90 112.76816618200144
91 99.07933354412637
92 124.26446988013545
93 121.47162596938533
94 127.99592004499665
95 130.355624945206
96 106.99796843120431
97 128.9285383002797
98 111.24817585375028
99 100.2678212734644
100 112.62389356654336
101 134.91881483604635
102 102.17397694055205
103 104.06472631959382
104 118.01572266413775
105 110.45160066609432
106 122.4257090753764
107 111.82202793331135
108 130.8331574643385
109 110.50571538331113
110 116.17385738439806
111 114.57968538184505
112 114.25572901636595
113 97.02820159519416
114 115.70087409080539
115 114.34861907135483
116 124.03814767615762
117 125.53865320288568
118 122.6482358974079
119 98.94762636050345
120 123.07589694473891
121 95.48566100781687
122 121.55244492374723
123 125.78372443053459
124 102.92905569097424
125 116.43453397326302
126 118.90310958852187
127 108.74935925738923
128 105.23941899428219
129 107.0955337066111
130 136.93083379494755
131 110.66936605849486
132 95.42702994880344
133 121.18104620589767
134 109.32772822941486
135 110.83610150028838
136 122.81320045785606
137 107.91609954350103
138 108.05418081093498
139 112.87577197889357
140 127.7693806721842
141 125.16957567549116
142 111.09116222145627
143 106.38664471890532
144 104.60145896374284
145 83.71909470741774
146 131.8013874117644
147 99.92017670028386
148 103.12493776011631
149 112.07979316126591
150 114.78650830394982
151 95.5416248499838
152 112.32462715970769
153 101.63463583477706
154 107.18929784113921
155 109.99706792539816
156 101.59449953653098
157 119.63461620935377
158 123.43133895817758
159 108.29252862449542
160 93.53595219131655
161 111.76836934324498
162 106.35870899692738
163 125.40039246624622
164 130.56705004044773
165 137.34342717565167
166 107.92828909311834
167 127.01633323453628
168 100.10570213936106
169 89.08326154737827
170 109.06313517476677
171 126.7381748743413
172 109.58188357811004
173 102.2621864866618
174 121.57732807732481
175 119.43693763274015
176 97.1929788699779
177 124.16444082744947
178 110.03421492831525
179 96.04447472180779
180 85.72108958706411
181 122.06016455065243
182 95.44373333168062
183 92.75206524000069
184 120.65028098210985
185 105.26263036208542
186 121.66980145488799
187 117.62336163319675
188 120.69231558736753
189 93.94202521872505
190 126.90304103757096
191 89.98350611763057
192 120.38762188560824
193 91.01626341183386
194 95.34895310257059
195 93.03907005340766
196 113.42649051442517
197 138.53494444755873
198 117.41737247132977
199 95.10419705864602
200 108.80620345426713
201 124.32891348809338
202 119.67117495442551
203 98.94236745719084
204 129.81370609645896
205 109.91478599168148
206 123.8615012709731
207 113.97564899447272
208 105.55495246339106
209 130.34805260979738
210 125.84051568597349
211 107.46063467081471
212 133.68860621873867
213 111.50040592959813
214 107.91397153028065
215 92.22250656825369
216 125.18546132075554
217 112.93609054757401
218 152.5378681596588
219 113.90402226931032
220 125.02795396774042
221 135.5771596918607
222 129.766316622027
223 114.77946528385365
224 97.41124295969801
225 127.09897721810913
226 117.3000021253586
227 122.63958200436885
228 109.37158840143056
229 113.67401827626172
230 130.17500338122431
231 121.78835346440019
232 103.6900542134832
233 112.53724436834013
234 107.22407324101876
235 114.53501160339795
236 127.33032757330272
237 114.65565643350931
238 98.12667400437417
239 121.85100670104936
240 100.28559904982436
241 127.26187995988361
242 116.65875614794862
243 110.64022315659997
244 111.04325553069643
245 127.6677815280768
246 124.53040006318759
247 124.99674326810191
248 119.00692690383865
249 114.09340491294888
250 110.57330893521998
251 120.7191940265939
252 98.7239662111874
253 110.47507219863938
254 111.57538404290844
255 111.22243401612032
256 117.01947989731937
257 111.03789772510663
258 108.75491664160528
259 121.22440743750388
260 94.20334397924121
261 114.62116579650986
262 124.0080752632968
263 120.31675110684796
264 123.17228392022636
265 109.38687906314249
266 120.95823099906646
267 102.56814851065268
268 121.6862555104455
269 110.79207140155732
270 120.44968007566987
271 115.91534167840801
272 106.69139894498382
273 120.70683829292621
274 102.8556842862339
275 106.86817229630607
276 78.91323064219722
277 119.74988634199026
278 124.69077932646671
279 112.8357694151937
280 120.09112330163772
281 103.28685287211759
282 104.68665793918504
283 118.70428133273953
284 86.57375626032818
285 114.19064192558056
286 100.36920437429045
287 120.95005537179749
288 118.92079536735785
289 108.9922858946928
290 145.4251894067182
291 130.77841210545705
292 106.97465703393576
293 102.19791723960928
294 103.19594414072736
295 102.86993798278432
296 108.60234442581597
297 124.84504749827927
298 121.78137424083049
299 135.433961301693
300 127.74921186945345
301 123.10314691609423
302 108.55372086202492
303 106.41193638030508
304 114.01830619915944
305 114.48519336363405
306 97.40867475300246
307 123.10866004312963
308 123.52115846591201
309 117.10955014173693
310 100.86737594635682
311 119.75071350495024
312 110.27160994174697
313 108.36795052599712
314 112.52312319278094
315 123.9320718580204
316 87.44096944785227
317 122.61642803744415
318 105.30819773603505
319 99.1565987241157
320 108.3828982058644
321 100.67331156366218
322 91.68385800970431
323 119.78033098123589
324 125.50172164051106
325 129.22965940367908
326 108.18436804285835
327 78.9502579191431
328 122.98139437053317
329 126.33842131237273
330 110.03086539674477
331 110.09835266916537
332 96.69518898667215
333 96.5447051510993
334 115.74561715118406
335 106.39889861304424
336 116.64064314266291
337 106.6991965750718
338 107.33559540781873
339 117.0446394303145
340 124.146621560412
341 106.04813182018182
342 106.61279272347454
343 121.17088398311998
344 110.93358867585648
345 92.57813392927868
346 125.86479978870666
347 119.54614606073032
348 111.36586153809323
349 115.60720753485943
350 108.98392831970688
351 102.97073440320835
352 108.66672968533945
353 107.88508519710985
354 104.60459934715648
355 106.82835575792011
356 124.67343475132786
357 116.34564971487463
358 111.35177478048394
359 104.86804146337646
360 111.50907991649106
361 117.27861755644113
362 122.98956786638088
363 121.05273156495336
364 98.9447530063565
365 120.4976561481014
366 141.2459699466304
367 115.12561961142733
368 88.49317897130064
369 102.2247476267222
370 101.09345091452417
371 114.09740314585564
372 99.91644988485166
373 125.03177606336708
374 95.45940352728384
375 118.75873282888232
376 94.93790143609172
377 119.9194321911803
378 106.20520075137568
379 112.5566935057502
380 113.56318850104424
381 109.76727315166306
382 124.16676100674117
383 124.0551669652589
384 87.81214912618637
385 102.37410438965638
386 123.30552732016172
387 105.60447913946312
388 106.62442493850484
389 106.23877042088813
390 106.55919574176195
391 105.56218364364099
392 111.4161236422576
393 117.27857906274191
394 90.09000412914259
395 105.22413330773907
396 107.87434228697468
397 99.8489675650756
398 107.78762683670934
399 101.44143181086736
400 109.5620764493296
401 99.81820254685154
402 107.33525708937381
403 114.02673536885978
404 122.39240799652146
405 124.7033983712459
406 121.24151925611469
407 109.01920896630195
408 114.21566909514064
409 90.99140720528975
410 108.81342169850667
411 104.31850404666217
412 122.83385002939939
413 115.23375501352076
414 89.15889605900598
415 106.39169928867103
416 125.33018970606645
417 107.20194271900547
418 124.81118591373057
419 107.16203714184371
420 108.26750239724893
421 121.25772477333378
422 108.16991362677982
423 100.51777907852872
424 101.46578880348221
425 118.77183502806692
426 123.27399228202228
427 109.70655988594721
428 116.6442812102015
429 98.22709675633483
430 101.71784755599533
431 99.84797184477927
432 112.21329858403048
433 111.7493982789226
434 125.79658659389484
435 112.97266492959265
436 111.27786671087479
437 114.66307009825265
438 107.18720696258798
439 99.11761866099536
440 104.05347642399238
441 116.02023970180197
442 108.12910713708183
443 85.49626635900744
444 121.06026634421687
445 111.67960369854747
446 118.3127589842719
447 133.5149762999471
448 110.96162524463477
449 103.8707060655635
450 97.62059026897002
451 97.54034403670207
452 112.04606847171188
453 87.23066753229912
454 125.05144464464293
455 103.41936889811132
456 120.27346787012173
457 120.01048396737677
458 143.16295000933013
459 94.51036888716783
460 97.32212233231523
461 117.26006385563774
462 117.32663450066978
463 111.50829558993271
464 109.81428594543685
465 122.62481689980737
466 114.5010983533163
467 128.56948556768847
468 131.53925775821276
469 103.09900933085925
470 108.29131008893174
471 101.4041586738919
472 105.16364652273181
473 121.10740694210689
474 110.65189844536972
475 91.40225885983877
476 113.9226784786315
477 107.0023054906875
478 93.7727138581783
479 100.03318843133611
480 115.67086312765255
481 140.5564846484643
482 126.19637316073587
483 104.61535381478294
484 96.77915205418572
485 103.50730551722006
486 107.05943415095867
487 112.31920210670543
488 108.3315017507443
489 112.07322161082327
490 101.69816078314982
491 103.88324973988128
492 99.14006878044245
493 86.52745210853723
494 113.8012221276044
495 120.39024904468468
496 113.19649107608728
497 112.7084455552183
498 101.81365873151877
499 116.81760618696492
500 116.62734511628258
501 127.61112975955191
502 123.94515550046276
503 120.15390228300082
504 123.72890612183687
505 138.6152955755546
506 120.54429715668725
507 128.51174546975977
508 118.84062258882572
509 111.60092140266133
510 88.92108832513111
511 132.42727324729452
512 116.00368544269136
513 109.9119997435446
514 120.55853434102771
515 129.3382895681934
516 108.71827807579945
517 84.28573514373512
518 106.01589219074914
519 126.06091559353672
520 125.15571797811458
521 132.29312920356313
522 111.51791879380956
523 105.95190186603756
524 123.0180630946707
525 124.33424726646098
526 136.07291871793743
527 101.09646222098961
528 114.55578137882463
529 113.52048875711219
530 104.72192246104065
531 110.68610253614324
532 117.5658558626935
533 130.0315516693006
534 99.16322936429383
535 91.37255984422272
536 116.65925164762774
537 136.64698115473016
538 103.12268081368096
539 109.07219811338835
540 111.58254379564848
541 94.47856670216437
542 115.57109982408637
543 119.79187264615726
544 111.90123489175541
545 116.47918998972008
546 115.16519266283677
547 128.67318151011233
548 115.36382400878672
549 101.09865500016798
550 121.2553406549549
551 127.0477021708875
552 102.13701868020401
553 113.31114718673572
554 98.727072964785
555 108.93138293977312
556 111.96988527534405
557 111.98739561103797
558 104.23440408099289
559 89.9992407697215
560 100.7488176641134
561 108.00770277514874
562 99.21397564207683
563 120.48090353210297
564 124.32577481411379
565 121.93866078217296
566 107.54819992963404
567 128.91319518238197
568 109.53058969297109
569 125.02933402798388
570 92.12274680908226
571 111.9737713693906
572 107.32444926330471
573 119.6642824039982
574 107.65809117746197
575 127.71437523097177
576 113.10384258113785
577 104.73783530736216
578 113.70708412740876
579 111.79579531834077
580 107.13105591876578
581 102.65611951744512
582 126.19817474885659
583 121.2228343565546
584 113.31576126923922
585 105.62616998037993
586 99.22130379634243
587 114.97419411816043
588 110.33885125243181
589 97.03711712110866
590 112.74679232614551
591 108.1382530122682
592 128.51763446445415
593 112.40984263968258
594 95.3898503392131
595 124.41294329915841
596 131.2973773448561
597 103.86441619304556
598 99.61395688255446
599 103.67339679509853
600 107.57534575009866
601 125.62005793415946
602 114.75306561371018
603 108.06930761993934
604 111.40827730018401
605 111.64402068462263
606 127.11893929783965
607 120.95015153416325
608 128.11627803774024
609 121.17470043113862
610 107.34025607286219
611 124.3654501083461
612 126.50619354818727
613 115.57511139950778
614 105.43320030182858
615 97.15998292027774
616 124.28314266823892
617 132.52343091641333
618 103.93278760792452
619 122.95476518804831
620 120.62236794018236
621 107.04986859956715
622 125.52292657506365
623 124.40536977768488
624 112.95345291297014
625 111.10666056207704
626 105.2189950154291
627 112.8543304027567
628 115.17523792091151
629 123.13943687632838
630 126.70592222285156
631 107.80362780093293
632 109.17497233612491
633 110.82973896459195
634 107.68588536021495
635 98.1885932768575
636 106.16663133872063
637 110.30898106797972
638 98.48682736827037
639 108.28997872734028
640 87.8449814116828
641 94.39686747817629
642 112.26906962104609
643 113.69859730999218
644 122.347881601123
645 119.33350278645632
646 101.88200268625543
647 106.58723437338756
648 97.28826774005148
649 111.09962830118417
650 122.58949583241983
651 121.36141252169713
652 122.84176417931457
653 101.87112938001044
654 117.93941601192314
655 89.81996135170857
656 113.9949141076545
657 105.5204119169789
658 115.78106589596412
659 117.76262965596035
660 127.6215468123552
661 121.70148368817586
662 116.72325109001044
663 110.4717748603694
664 114.38468283475144
665 113.84221614872227
666 118.75413217004383
667 99.29354734466008
668 105.54791536186423
669 91.12720023060997
670 128.29598463663177
671 126.60403514190415
672 108.84490317129811
673 113.81446734189143
674 123.43761310769602
675 96.34706901613711
676 118.56841603527084
677 119.49552828301208
678 117.80068981492172
679 116.73288100735117
680 92.91439338092339
681 122.78567293732559
682 110.52308049980984
683 118.08406857673319
684 119.32288943763584
685 124.51717095312434
686 86.20219450569599
687 99.1237887222044
688 125.18311489636868
689 103.94570635095613
690 96.05927267269179
691 96.71528320570049
692 120.9701823387123
693 117.08260941544194
694 114.37297652212315
695 116.95088666900318
696 130.0705981142666
697 113.066604573898
698 117.02139050176605
699 104.45428797097793
700 112.66564646744129
701 116.02252656454148
702 107.34374105106494
703 110.63475558565295
704 107.92880180646729
705 110.33581622607706
706 101.16099071704721
707 114.30282999291741
708 103.84741193935325
709 116.27064113810152
710 97.53203345316152
711 114.87045036709112
712 112.90598441961818
713 117.82838399771444
714 106.91381034279306
715 113.95377685812444
716 101.61037035543477
717 118.69877849461936
718 109.74952279775138
719 107.94026798081147
720 117.3949770453709
721 105.32398124868942
722 121.3004041448839
723 105.1485227804807
724 123.83741209226926
725 134.84843533382613
726 110.04297896220096
727 122.7323926560926
728 107.12159913704298
729 107.62455446334002
730 105.59795029107003
731 122.96728505758792
732 114.40430214542404
733 108.58683399872358
734 107.31925087304721
735 139.68065753732705
736 130.78207308378953
737 122.09881991388794
738 96.89015450445375
739 96.82124611395521
740 116.3654425310715
741 110.40070714195356
742 121.79389444531118
743 83.79039706469416
744 129.44969492723345
745 92.19285088843726
746 124.32776113583101
747 110.79209098939381
748 100.26847377217982
749 103.69401878572275
750 119.51315427077122
751 119.08911063483073
752 120.88545809551236
753 121.24875491277486
754 119.92553922355584
755 130.44839862132565
756 106.91581210284609
757 115.69472742338176
758 120.61716768163969
759 101.70635947626836
760 104.41282149190835
761 107.16252189940985
762 117.60941400053346
763 118.79968768085116
764 94.98175116427576
765 116.08873136877772
766 106.56711085082665
767 129.04760750088178
768 107.12492579389519
769 102.3096237099224
770 113.34387269136978
771 97.94504551386673
772 118.64797246680361
773 115.01439251922027
774 120.53741374880123
775 108.80281569452777
776 106.04825946451862
777 105.62574950424782
778 112.27525623803398
779 106.47317528616722
780 108.8996854374667
781 115.63197395056639
782 123.27221232176275
783 90.06845768559582
784 105.45691609820814
785 99.97171946057047
786 113.76109283368267
787 99.29220530658418
788 97.30996922627995
789 129.11010170242562
790 108.95764409161501
791 106.88164255605842
792 109.31994799151309
793 94.1698910466333
794 119.60733985771974
795 107.05477562468307
796 115.57305704677574
797 103.44134991535195
798 99.84024418707742
799 99.30880020674766
800 121.70353716865189
801 128.27977207200144
802 117.53613632924143
803 105.5344165124254
804 117.06989200003831
805 102.13891531892831
806 99.1177067626212
807 105.75401483952679
808 101.98586762379315
809 122.80343073649433
810 121.69431332934084
811 142.39178841158792
812 111.83312352511821
813 116.7560864303459
814 128.66978539678416
815 107.41112677817057
816 113.52966483212545
817 113.26453463954823
818 110.27149073302522
819 106.0341066016594
820 116.82837264518628
821 104.86272568161594
822 136.46444079284228
823 123.4737921400316
824 106.59468309644136
825 119.17453403579876
826 119.54410366568212
827 138.6838387195024
828 115.68040405063387
829 104.41036350838199
830 120.41553735145273
831 106.85123216413075
832 106.59486744124108
833 112.13095270669675
834 126.07560587376074
835 119.66895097652454
836 115.93673788459034
837 112.8630783422789
838 97.30881832333579
839 121.46201031762163
840 112.58358217249997
841 104.42660810991467
842 101.70443969984248
843 110.66903208263031
844 123.69346720749778
845 118.2196913161411
846 132.48346343588364
847 105.57214979524048
848 109.43783219693496
849 139.74651376543966
850 138.45209480190573
851 110.30367818845231
852 112.89366051612457
853 122.82570197734367
854 112.7256622451237
855 119.53834022894097
856 127.83463069893344
857 97.92905215587501
858 123.30451722656456
859 104.82622750666124
860 112.38659137362657
861 80.35556352471619
862 134.531139354488
863 145.70490799236524
864 122.83701294570287
865 106.26544510706671
866 118.56376138819297
867 114.14923035274448
868 101.51256346333322
869 139.94958955612196
870 119.92021892680354
871 110.01850390990224
872 121.32744828345433
873 125.90412005639529
874 118.39498372837404
875 97.41681823192884
876 119.56286786859367
877 146.6935968960556
878 124.20835896700292
879 115.31296347867678
880 113.0316435001419
881 122.6175643806933
882 116.81490124002654
883 108.81719135847776
884 126.55860981104217
885 90.69555325320215
886 91.90715605829583
887 125.30370633391435
888 117.65878446193328
889 130.98530984969702
890 112.94576544091156
891 124.91327374549255
892 127.55411300227476
893 95.63664166346734
894 111.99871441482374
895 108.92392947571767
896 114.88893375149762
897 106.27440311843957
898 121.63482094872857
899 110.01043335658863
900 128.955120918916
901 106.92130673777315
902 113.74302340412939
903 105.1104615242774
904 110.62557816451402
905 132.85959713709906
906 123.61025179326798
907 118.22700905725019
908 105.56418888290992
909 115.24801758456371
910 130.60415927096457
911 110.40337095115348
912 118.96278608176762
913 127.2494884437638
914 103.14609362586752
915 111.30599015601786
916 122.95078875151339
917 119.20164680387785
918 104.14115357816677
919 124.2260418388321
920 109.93281489534155
921 102.80787234428102
922 131.54339223261644
923 122.31224796200244
924 111.58496423527278
925 106.68634442618863
926 109.58390315204626
927 125.56787470695603
928 110.90348866250805
929 99.03139280001251
930 118.16280198786798
931 115.37179625026717
932 125.29131130126093
933 99.60622817450965
934 102.1329501387965
935 97.26190221844658
936 115.0861233414399
937 122.8007697584619
938 119.7843166844377
939 103.4294805230737
940 111.68568779053385
941 109.21709920669517
942 116.7914954210574
943 94.05249182200824
944 127.1804030797346
945 119.24394304423588
946 119.60517530613659
947 118.77703940012451
948 112.96893711349983
949 101.07964588999042
950 138.4378105756423
951 116.90273875546222
952 94.43859203589382
953 110.49993315005322
954 104.62257455029074
955 104.65730582943807
956 118.46466352465973
957 126.60711629650643
958 103.43399157871822
959 116.76408946388025
960 119.91018651011397
961 111.6994702279066
962 109.88512118139751
963 108.81679712022364
964 103.24087959148781
965 116.91819080612315
966 110.26764717165649
967 108.27218695933949
968 122.34288421463378
969 118.26612490688571
970 120.55473668221882
971 107.85857495250872
972 111.36964573087683
973 125.01799820025204
974 124.8687196920342
975 110.03832288975767
976 121.04074180176976
977 119.9916663983263
978 126.25016505428113
979 108.27559361466007
980 121.98235120021197
981 111.43528695103883
982 87.14785451834936
983 126.0722807713312
984 128.52760726618885
985 110.84457113448157
986 120.21215443506298
987 121.74965655421872
988 118.34818802710345
989 112.9909660964683
990 111.15290276860753
991 115.26621745893262
992 107.6899024488325
993 105.98940950263041
994 112.92428178624498
995 111.18278272029318
996 121.83210860078381
997 114.13582788337317
998 115.01790033699803
999 112.13170456341588
