0 84.4062251219063
1 70.42436806329908
2 71.30348152378971
3 98.87521718643448
4 89.79887605699837
5 111.5922786713806
6 89.923616127211
7 73.03862066091227
8 86.19632693959966
9 82.69593933503789
10 80.81617933047265
11 83.45437509469315
12 79.70822597788066
13 81.7724962301613
14 86.93203031238126
15 91.79740020784654
16 85.06822524080576
17 83.21613831362093
18 83.36204807352087
19 85.58074546390196
20 91.97128779530908
21 86.92175206358507
22 93.69564490975489
23 88.5118674518707
24 74.02976148419042
25 76.87869620537934
26 81.31561511414276
27 97.92425013258787
28 82.14002069674092
29 84.60782514736758
30 78.98995757519474
31 98.9490935291204
32 87.40655861403951
33 89.4550773207694
34 78.55609563181731
35 84.57479345536912
36 74.65254294325393
37 99.98630934789755
38 80.97705236092321
39 89.99770507801263
40 102.45468279766584
41 87.58921150975087
42 84.10592030394793
43 92.95820524455613
44 72.20308301543122
45 88.73662184980748
46 85.11535273422133
47 94.33108113070284
48 76.44199415772214
49 97.27988888612688
50 68.52029532182699
51 84.90276488434893
52 85.43392484391332
53 94.56298608499655
54 73.57221272204903
55 83.34855785925552
56 89.38064105657222
57 84.26130856465888
58 81.57233969441934
59 84.9070266875463
60 79.89566878658762
61 81.54911718854508
62 72.35731875980586
63 75.33947458104944
64 75.81186160837946
65 72.22809561617316
66 84.84979268608427
67 93.31418323509006
68 76.66918677455251
69 99.97298143640164
70 79.76072428459464
71 88.87333682358114
72 74.50705916023402
73 77.40900034763075
74 87.81381483246768
75 82.56584163516054
76 89.28630215362764
77 87.8146164681468
78 79.26325558600676
79 72.07778780714203
80 75.82524215241405
81 77.49788329630432
82 76.98841988729946
83 95.18091638704166
84 86.89316908208566
85 89.50566573085207
86 95.58795785394464
87 91.33138628035776
88 73.41208486221132
89 72.80799813900971
90 87.6861139836892
91 72.9741405633078
92 89.76723592382716
93 90.21751639530342
94 83.4235798814113
95 63.27428237824082
96 104.96434432782401
97 83.3185187914185
98 81.43951682178154
99 86.84992357203785
100 75.86551868264128
101 78.48331395200914
102 82.23869842050999
103 83.10732120053775
104 79.21282703353067
105 88.08261101793474
106 91.95954039636935
107 63.1077183273463
108 92.90329155445723
109 70.07756305438485
110 88.49081114068372
111 84.75764812260398
112 78.74102368557433
113 91.87599743616789
114 95.95304624653953
115 75.43882283221195
116 89.24565224146654
117 73.01720244105032
118 91.79070517361545
119 83.14618180555195
120 90.36343554742213
121 99.9770426670628
122 72.81752198910107
123 71.55495386905446
124 97.61239846406129
125 95.98786976396602
126 83.53891960516958
127 90.80598218263994
128 89.3289010164324
129 74.39739018878147
130 103.03426928161016
131 80.58822850716727
132 97.21035421231456
133 69.85616561092444
134 82.64607075505394
135 92.35367742210674
136 82.20579970384617
137 74.28626552479547
138 82.32564538903787
139 93.09550445716988
140 81.2386675353147
141 91.14487159113699
142 88.70889333683878
143 84.47733504167479
144 96.68658297149703
145 90.94998825402668
146 66.12459281229329
147 93.48578295691301
148 79.21962305370472
149 86.33383400972917
150 90.82914795439498
151 95.05554458191958
152 86.61547414873644
153 83.17992778158676
154 88.96862840551499
155 82.8781695916857
156 78.90424653755767
157 77.32582053265881
158 70.589921968431
159 70.00383024314885
160 80.91127948268462
161 77.65641147879383
162 86.9566756457792
163 90.84751054531141
164 54.22241982406316
165 86.92874110590108
166 73.16340052730695
167 79.55948105962713
168 72.99341765756427
169 83.4754174327948
170 84.60774424316149
171 80.05598155049863
172 91.99505922574176
173 96.28495616075634
174 79.86978016842288
175 71.96937079588848
176 92.47778426555439
177 80.64540380170891
178 94.52862857017536
179 90.5540394661141
180 77.5557879107027
181 90.29333971389939
182 71.35361903990731
183 78.20761831247904
184 82.27997378769344
185 64.74601334229675
186 71.23843270722496
187 80.24041554145293
188 71.02487403579599
189 81.48564399701574
190 78.34513226749232
191 92.34916951509679
192 91.86559567796228
193 80.1661621901352
194 92.80676700676572
195 83.81289300576711
196 85.28191796276846
197 93.97933504500232
198 79.58555601666016
199 64.82564918337843
200 97.97590775976168
201 80.75106781636738
202 100.50861126277432
203 95.37451296837656
204 101.90372505120159
205 81.15159844288135
206 76.24356335298285
207 84.54947781061558
208 77.64268617837382
209 76.86899995347198
210 86.8996151779837
211 79.4226986469947
212 83.12107072171096
213 94.93641280419709
214 98.71556463793368
215 87.12879274211859
216 91.52323045527059
217 58.18269079100663
218 77.97695548912368
219 93.68688412504538
220 89.23711112772746
221 86.07290645286335
222 84.2258107426903
223 92.57278836961557
224 72.70642503076742
225 79.17942938267174
226 89.35201053548582
227 87.63963016432156
228 89.12678824340374
229 77.74228618705372
230 94.6553172240688
231 83.17203243140614
232 101.94378290280821
233 85.85610194514283
234 91.93592277212136
235 78.19738413376724
236 72.9324682752579
237 81.57874173972466
238 92.92836621216745
239 75.5904093558764
240 81.04799415261606
241 90.92261634776101
242 85.43817157305126
243 99.15535616073808
244 69.00412572458964
245 67.8340738270374
246 88.73444507078241
247 89.36294279156802
248 90.25582636832435
249 67.3228977964437
250 92.4642307495526
251 93.42678513518727
252 83.55655460613816
253 91.95260487563485
254 95.24939303075699
255 88.22841404058312
256 81.81633444739381
257 87.10062227561119
258 71.80120235658556
259 85.42478457465256
260 77.16779352563226
261 83.25684931351654
262 85.9919203636352
263 77.674631875354
264 89.90235636963793
265 85.58708252172684
266 82.43991759257709
267 81.30858997966378
268 83.68885526490538
269 76.04156592173837
270 81.16550318012982
271 77.99408654767049
272 79.57969870487486
273 72.6912757846011
274 72.49530752650693
275 78.68741247621725
276 101.11102445125391
277 73.6070658523026
278 95.01011477854136
279 80.9525524323591
280 73.64126372077081
281 89.5716537795939
282 98.55421146461656
283 87.69353931320255
284 91.25470124678941
285 85.58149207441389
286 88.52423641808382
287 92.85809585082016
288 86.909926709729
289 92.1768637876158
290 101.96203197408452
291 83.64606446685436
292 90.41772873032008
293 85.6529636518322
294 71.45700528470044
295 71.91608406667518
296 75.69377390536717
297 81.17545807803742
298 68.18408241090117
299 73.51448020202353
300 84.24981046485598
301 72.60457125559262
302 72.98150034865407
303 78.82702028219823
304 74.98340440034372
305 75.10633781129594
306 67.00502777598612
307 80.46743956385826
308 87.6579908020201
309 85.9817311360692
310 78.44195222091906
311 81.32048799862747
312 64.04160008147902
313 84.48642127184789
314 78.39520751644334
315 79.12877219737287
316 94.87429709232696
317 72.44387678746743
318 84.43802413505531
319 75.33349682606999
320 84.63690383477147
321 72.48531574765063
322 94.63013747930742
323 80.9071719797583
324 88.56471355450861
325 60.92932487344513
326 81.94144543014438
327 99.52061495472324
328 84.64193820552325
329 69.72284481384365
330 93.82508894502712
331 62.13568011989589
332 80.84803082872996
333 73.29347087624252
334 74.22835969473708
335 96.23028933319831
336 93.2817751326418
337 76.59384751531486
338 86.003024319109
339 75.99637947992798
340 77.5080310270836
341 83.23419765421194
342 92.6681657800862
343 93.77970938775016
344 85.16283096971148
345 75.50685431760816
346 83.69723201454426
347 78.67040951960395
348 91.69789124315525
349 91.35109225752836
350 73.93556747684089
351 94.3325236807391
352 78.74328530000442
353 86.45843662874772
354 76.09878012972361
355 71.6294650121347
356 88.91234212440493
357 76.52775718281049
358 93.36086749209635
359 79.53659942279299
360 80.913849496499
361 70.46047282310568
362 86.82910111093533
363 88.67051580562428
364 94.47164442798436
365 90.2976295525383
366 67.52794316726147
367 77.81869732755983
368 70.9521692771099
369 74.38266069015403
370 72.2188710246587
371 75.19878511214637
372 97.02218001046752
373 88.62107965571785
374 83.66723992911818
375 85.43877753451
376 89.0750685397513
377 84.60005375176412
378 81.71606466626156
379 107.71625097947219
380 78.07172800637058
381 93.55867486902022
382 85.67528157985386
383 66.78932432292252
384 85.03682252482778
385 92.88611730818117
386 81.48917298752218
387 81.60817437722007
388 84.19661375261137
389 84.60925800032251
390 85.015832612843
391 85.36832864273948
392 90.58993736576038
393 71.42012934966866
394 81.88032104990404
395 82.38687109315346
396 81.1974120608078
397 86.10146655316241
398 99.7380466315235
399 79.68906548948611
400 93.26387350813549
401 69.05159073282425
402 70.35368407665172
403 92.25454089359359
404 76.91394341744427
405 80.31563572318177
406 84.74805131407658
407 88.67011565506486
408 84.02180962040052
409 90.66066913918024
410 92.7001276284504
411 77.32227387427235
412 92.9477798604387
413 67.54965908092291
414 93.95026973842823
415 85.99848483994609
416 91.85683911915825
417 88.13607562029567
418 89.96837022044528
419 80.1980629497529
420 95.04663888459837
421 88.04312216574367
422 87.52681103861434
423 71.51481015097531
424 85.04135262782384
425 89.25914303966083
426 79.79359069541528
427 86.98446981284249
428 86.770676162936
429 59.957593792121095
430 84.7034677596995
431 87.16600828244201
432 70.8240570932024
433 84.97877413627359
434 108.32845959928852
435 79.54460788758556
436 71.589686089652
437 89.86489544140701
438 77.74457652550788
439 101.0594201567356
440 77.59404747739221
441 93.85475224271366
442 104.74463063276315
443 81.82322737950781
444 91.96974421401848
445 82.86806309661063
446 67.77243697527146
447 88.05634238578081
448 75.74039427705029
449 82.29164992440037
450 83.90918094655915
451 91.81213161000196
452 83.06858209538757
453 98.01608004954724
454 77.5515101590025
455 83.07608251539743
456 86.07056367366313
457 77.72167502807255
458 66.07746556582406
459 72.64028641646983
460 78.18520675195242
461 64.33541292750682
462 67.39981561485166
463 94.20842735250362
464 72.58667989052456
465 89.6426002172102
466 84.44281511901815
467 86.16294911996778
468 85.99175205514109
469 71.92475618351354
470 79.8238921479117
471 90.37839665466475
472 88.31196765798433
473 72.39772385353797
474 108.43678709849209
475 70.96548557758408
476 93.8965618721906
477 91.48958944907967
478 88.63117104527683
479 93.4491746096641
480 85.97769827178111
481 74.7520561281329
482 71.01713404048874
483 83.47244776739844
484 84.83028862408216
485 67.28730297513654
486 80.05211073751092
487 98.3893760590252
488 94.50393066862004
489 85.91590661813568
490 103.47982446025543
491 95.17341935662733
492 71.40320265997796
493 93.2670695276637
494 89.59655205856879
495 88.15942527887864
496 87.84144051289239
497 61.58659922713628
498 74.77317417396756
499 95.64331880025453
