0 101.06231024394911
1 102.05761558081021
2 89.34648213878543
3 105.92563494979234
4 107.92523504924227
5 111.75260628313958
6 96.47392664542053
7 119.90099337479926
8 87.50529983372186
9 126.07577855072134
10 91.6240537711979
11 122.40136655680152
12 81.28719588890804
13 82.72183865655204
14 115.01058122764395
15 101.55777126599605
16 82.57173657637139
17 124.5533580827725
18 110.93474506922246
19 107.9899498690257
20 81.73482971571417
21 98.06778378298368
22 86.82897928025795
23 108.25406721868046
24 84.48786478188063
25 87.48515724423501
26 116.95878923897216
27 123.55664530395946
28 108.68411180235607
29 107.29437217989343
30 104.98160425772653
31 116.66896483812322
32 101.79671412440096
33 94.15412929267572
34 117.86755517258062
35 109.69352962366472
36 105.44249785118537
37 100.1100150622734
38 84.3535767665556
39 99.95141146220936
40 115.42872523806449
41 111.49655696934661
42 103.60831268124197
43 103.51998884718815
44 112.68081855179128
45 94.87209632218566
46 102.34640648948931
47 108.07287724956821
48 116.43103458539635
49 134.11621982619855
50 123.06948521029501
51 111.18600008702742
52 106.5309941525463
53 118.95517109283259
54 101.82422292040417
55 114.07754874909162
56 88.10610437802832
57 98.59440277595604
58 119.98766043127006
59 117.2554759346395
60 97.17020039465432
61 99.80603145683901
62 131.02193622900705
63 124.59326923045892
64 114.90765298556032
65 118.58161391514746
66 87.09648357864346
67 123.40286206420583
68 98.05067918563819
69 108.56941298349963
70 117.10783209632348
71 125.26912283299625
72 137.42895178582194
73 112.29600976146001
74 116.87780642500218
75 118.75721288012595
76 104.48375693781217
77 94.86648152419411
78 116.86998109802595
79 104.59870196581123
80 88.3226442963429
81 94.62331188266478
82 85.67730842222556
83 85.34885470820637
84 122.24742322431167
85 120.66294068229905
86 105.90533616137046
87 93.84178027943261
88 102.18454488556154
89 75.08234244628625
90 111.40013067769435
91 106.18586061313823
92 85.36127632050702
93 109.71953095840934
94 115.18099081994627
95 133.03638331339252
96 111.19510064963191
97 114.80481008124094
98 107.21744757074386
99 130.81168999821153
100 99.35449820229107
101 83.7412210514182
102 141.33787766111072
103 106.73236582926077
104 124.72765741368468
105 111.12607442644656
106 113.99736138658515
107 110.37427145778668
108 115.98430802634213
109 112.60587214598279
110 125.60500234382809
111 93.62271265623731
112 87.74092484609153
113 109.86405523772885
114 78.81448582035797
115 103.55932625949711
116 101.8880977209533
117 71.98670427540219
118 128.20155906249678
119 121.12363681703215
120 87.30153379382743
121 112.3901589697562
122 111.46995088409763
123 94.83284245532464
124 101.74511075107618
125 106.55872244330313
126 108.70971745603809
127 110.9887509732294
128 110.28418973725232
129 92.87891777946011
130 92.79347878841588
131 93.95165358946794
132 105.52269928070498
133 91.18606445596598
134 78.66492270072403
135 115.34780182180506
136 103.20524069591079
137 103.49925812151997
138 77.53527444679482
139 119.32149076210136
140 96.24967023667553
141 94.56853966040998
142 73.01400388920123
143 121.9108093896462
144 107.89613366841033
145 109.91955804045682
146 109.8548759685035
147 114.10464936046074
148 113.01550538928647
149 79.94624854734451
150 85.84573427571662
151 93.8637371911422
152 115.34303599275121
153 111.65418760011138
154 116.29715199829629
155 126.86860895966639
156 92.95889619811216
157 105.05916391233049
158 102.41894221794625
159 118.69049006102904
160 108.29287529986934
161 117.24197437495184
162 103.71643514579053
163 79.743627580018
164 115.4751919468617
165 104.76622069248158
166 94.1882774760976
167 111.90903206822624
168 123.0845441910152
169 96.82780053443929
170 109.30203746083211
171 70.952419146117
172 118.49825052099901
173 97.39345834304922
174 101.27072174004944
175 123.78771825824919
176 106.3757137346895
177 105.46895996511937
178 88.54440423774409
179 112.80353289040876
180 115.5512760580401
181 116.41054239828289
182 83.94144557013216
183 76.33374367421412
184 103.22175601162252
185 102.47138702273541
186 93.4363034885235
187 108.32473201342607
188 87.78385448063058
189 107.18891807405079
190 126.6230144412075
191 121.70342887481628
192 118.55054601677402
193 108.20595152761479
194 77.12979899480241
195 107.79266485083409
196 94.02276396663892
197 112.26456652610167
198 112.76248707211391
199 114.50853823330716
200 98.03053592162942
201 89.32393672865723
202 113.36676601145602
203 89.6098676210109
204 113.27072157792047
205 68.43540345022657
206 107.73818603706215
207 117.84039530247257
208 72.02315886698621
209 97.58070224818208
210 124.99541284576607
211 75.15243444485634
212 98.80089053344312
213 84.37593997615153
214 112.0934029547335
215 104.76976212182
216 105.91745117806938
217 120.029088721834
218 120.2242903839125
219 113.68872828309813
220 105.13861753975361
221 102.15177648378454
222 98.27895520230845
223 120.17266031515179
224 112.4359172220455
225 124.25834728868927
226 125.88806103514051
227 101.88831285622807
228 113.78485200164441
229 86.13621938584883
230 88.13496901003428
231 96.55305252095317
232 103.38538922945018
233 139.56090973826588
234 92.79577560238586
235 117.94177369840523
236 108.00095062578363
237 109.63273593387999
238 91.89051138844239
239 89.00208935304966
240 146.12321238964415
241 86.69928886134106
242 108.83269663848924
243 91.33381010546401
244 98.50949743230674
245 92.27303921954669
246 97.71907446894248
247 116.2330659883061
248 89.4191882844089
249 92.42209529750977
250 107.43081455191073
251 94.96170391185994
252 97.82789576219065
253 113.54066794264807
254 103.63873755044753
255 117.90148528670217
256 128.9821975863867
257 102.18845672963464
258 94.08320652157127
259 86.97011742297552
260 107.34921021166436
261 85.79907645438385
262 116.03278308379532
263 89.27238272803596
264 112.64726051182201
265 99.94250566465784
266 75.95247081019383
267 109.75394051508738
268 104.23081972651165
269 117.00913478325577
270 97.89182072891795
271 103.73218795148838
272 89.85374874828125
273 107.54402115069941
274 80.24094217373248
275 64.10924493453263
276 111.30274919677409
277 83.7460588189887
278 104.88424177487501
279 116.55545717192095
280 131.98845778360413
281 77.4810133915232
282 83.60759776280997
283 99.30392253632249
284 105.80993964190063
285 108.32661562447863
286 123.83947777333215
287 100.52300492871223
288 106.99828683505001
289 117.0640663990324
290 89.07208545482072
291 110.51757880431597
292 98.08227548448899
293 125.6965421074304
294 109.48396202633133
295 104.59641666487686
296 128.90211577133925
297 124.60032459165933
298 121.6482651166328
299 87.59577716774882
300 83.93928468783488
301 105.91279631540179
302 98.01234047112516
303 122.06103287752465
304 89.96185840558489
305 135.1604193864315
306 107.67967470096976
307 102.52066962837347
308 129.5782111060564
309 102.8905763546815
310 103.5716056611701
311 90.40916800036156
312 130.53493106415704
313 110.9617101869211
314 112.9887831809027
315 114.81807256217618
316 124.26518254108656
317 87.70255115786858
318 117.86915568017055
319 98.28697781093285
320 124.13209036836052
321 107.46055646807334
322 75.94992699271228
323 85.37377546807049
324 97.9646845892419
325 123.38921840534665
326 102.56266633641698
327 107.56152652368074
328 81.53561972546608
329 85.58829486619697
330 83.70617531665083
331 99.9013461123908
332 98.39656411017296
333 116.82954606370483
334 106.06649677305167
335 87.0319228740582
336 119.3771549306201
337 102.39809790110235
338 135.07312772968598
339 103.19289111721096
340 124.30448280435638
341 102.72725404688696
342 100.12068819197799
343 121.22242849655355
344 98.14547016432672
345 100.49160712739092
346 86.32676288355663
347 90.65267791974432
348 103.22267068342363
349 114.99793774580252
350 119.46548525849725
351 92.76452978342908
352 97.89440889720541
353 97.73165152215407
354 117.73703366161745
355 96.9580705875809
356 102.33794868753145
357 104.0578283193464
358 108.33560019466891
359 99.64803118765447
360 92.74070542386734
361 88.04829427586728
362 85.69763083295568
363 110.70661448746729
364 106.9172961358857
365 121.26116506884713
366 119.28957859718754
367 108.75678391375368
368 111.09268860636405
369 93.52671437989393
370 104.49616991299517
371 96.89769508904028
372 117.57185908230224
373 113.32429499669013
374 109.43489715387098
375 110.77004368819358
376 98.45253467822654
377 108.43021597662177
378 120.11414239874371
379 106.45993966256253
380 89.15780940036282
381 129.81835930512202
382 100.53153805606698
383 118.27358250366768
384 97.919094469997
385 112.82994751373842
386 112.34330566531634
387 133.80161579171985
388 87.84928787393198
389 112.46717585992243
390 97.61463819959624
391 106.86032584498685
392 83.92829339170876
393 113.89491693631174
394 104.72543768851037
395 108.18799883381715
396 116.56869935835543
397 91.0522060509761
398 93.7603903424097
399 122.7955818790011
400 112.94407462865523
401 86.11326451692608
402 99.4122619927539
403 100.30105174175796
404 132.332295092415
405 101.7151731423419
406 107.38658375211863
407 113.57744591399899
408 93.74173077495821
409 102.51845356685038
410 104.32760089126825
411 103.90670869905348
412 105.82929651255913
413 95.48302492810936
414 91.5529256681178
415 97.37258724774125
416 109.5491237780717
417 82.79915505244823
418 118.71178719488161
419 121.11032511321905
420 91.44228262872505
421 110.44612643078997
422 108.45841487471343
423 136.24807873802968
424 122.8138414420669
425 102.17155999658563
426 122.01980894985869
427 120.81441911478879
428 107.8647141732993
429 103.30524426886943
430 132.48761536677176
431 122.56530639931977
432 125.42491703090116
433 120.57075645455848
434 119.06135190610549
435 111.47933952988699
436 108.90089876166228
437 123.93736173480598
438 92.42099679665412
439 106.16716183675682
440 97.68434706492516
441 84.9098313666084
442 85.57832446975034
443 106.63023919198156
444 95.8321711127691
445 122.26609188615949
446 112.46005802552408
447 134.8319292884696
448 93.28597990201364
449 121.2670177990572
450 82.67662875382554
451 96.45855887149547
452 116.67285318963242
453 99.53957729495473
454 122.14020304661544
455 124.80814658100005
456 91.6374561154017
457 85.22411355598604
458 123.2223133961039
459 110.00953243926955
460 77.54881056991914
461 116.44789346999089
462 91.40234838268408
463 106.3009774215193
464 112.60777504442517
465 109.45986367099033
466 91.1350386885719
467 116.76105839332267
468 108.1259222657936
469 107.77674275174914
470 92.05137964928663
471 108.53117074895454
472 126.60794737958994
473 124.35851314835313
474 119.71210033776244
475 96.41530226585178
476 77.01661796934418
477 123.5196891818552
478 90.57708610253437
479 91.8992523465881
480 104.56801096527765
481 106.13445965901649
482 111.1629664631965
483 113.85954042697685
484 111.08212455980119
485 111.07442226310711
486 116.46008336517068
487 86.71877033559505
488 114.33475186951777
489 100.84171057816584
490 117.01968799674287
491 128.67622371791117
492 97.0495071514563
493 111.78238010339226
494 89.18488594002046
495 76.0858113586215
496 97.60161260747931
497 83.05742540731708
498 96.62537168637539
499 62.71533631421941
500 122.43361735447262
501 99.83731652196909
502 71.99862928973123
503 98.42829582509646
504 107.50083509916692
505 121.01040316316347
506 96.94928529800102
507 121.37922682710601
508 106.77271205080616
509 124.30419601174121
510 96.3875953947912
511 111.29577411632803
512 111.22545424261406
513 115.7154042477536
514 122.25186985582212
515 103.03409081073971
516 103.79993148162058
517 114.78677072964251
518 103.57408613516286
519 114.29811063544331
520 113.94133539306772
521 119.16984474446254
522 106.90150325957076
523 111.8528452122105
524 97.74539530435956
525 75.60756436836222
526 104.578369453571
527 129.83586294701553
528 84.07963848742406
529 116.34332815655117
530 125.03807573138104
531 98.99830945790626
532 108.82354482143137
533 120.85163770031
534 99.37544929084812
535 95.00943879035044
536 106.01530842966562
537 102.34136897987392
538 111.79720465444971
539 123.76146235738102
540 107.2506425630721
541 126.48241000219049
542 88.00955851439033
543 119.19941772654953
544 113.18020959568354
545 95.15519894132682
546 105.98353356779147
547 88.16503332544045
548 94.77268636453294
549 114.08106396804348
550 95.68850220626669
551 94.52991440058464
552 114.39969692469005
553 104.62094852351531
554 85.70562760394012
555 102.68748909270839
556 101.45184248557884
557 104.70053602498749
558 103.80329153058042
559 130.7813371090275
560 101.80578211030235
561 99.22145845785616
562 98.25811662038207
563 105.52077313039021
564 95.03406543131224
565 103.2654976235478
566 71.50325810725312
567 105.50263677007565
568 120.23312778740762
569 102.56214202904461
570 121.95934163356904
571 95.25397390134455
572 115.85127680170267
573 108.62728112369811
574 113.1199151755276
575 94.32245037990927
576 95.23383523473608
577 120.1874466615224
578 103.02418392054152
579 128.1736970448199
580 109.70550293882889
581 95.95017975879387
582 108.7924999053916
583 88.49763409508682
584 109.06605454877528
585 85.19358030879792
586 126.3677772638266
587 90.41908159778308
588 86.75404164635066
589 119.53752027652895
590 110.84153680720885
591 100.94229820272982
592 95.61228787523281
593 104.58466497139084
594 102.13610922421002
595 101.7857033431099
596 109.33988704088401
597 105.78781547642164
598 100.12485764884137
599 121.41015506384628
600 101.8717608914785
601 96.47182866188713
602 119.62400957561374
603 115.05646796042488
604 115.76418624527354
605 99.46303946178493
606 108.25244437819698
607 110.5933825270768
608 115.34628420082042
609 101.00948995109792
610 97.38094404872027
611 88.1789977408037
612 100.34347159517492
613 118.7512213651282
614 110.45983169080661
615 101.8766427593797
616 101.42894678663791
617 113.08819902193072
618 114.07886127002143
619 99.7465055578742
620 123.58407954744581
621 80.39933328213367
622 115.47278572295126
623 101.34866527359203
624 121.4210917724003
625 107.16605593607122
626 122.0807669602341
627 124.39205447110746
628 113.53219535820827
629 104.60661720629055
630 104.48790849392489
631 94.32306693386982
632 108.58501463659984
633 106.02005372747514
634 110.53760365226978
635 109.38188747812667
636 95.54180979138644
637 117.28358161048901
638 106.87514035673294
639 89.82535226855758
640 111.2691874838547
641 82.55649538145084
642 103.56394586289014
643 105.91184637934235
644 89.5945050082152
645 99.83743877085826
646 111.49036034946404
647 107.20758513743314
648 118.78806930206464
649 92.232129434066
650 116.49272042436787
651 96.1231712481707
652 85.30423840382218
653 125.46856997710799
654 111.2278788569545
655 75.68633774943686
656 121.73960398540923
657 74.65911156884715
658 108.27662901503531
659 108.78332120527868
660 124.94754550104989
661 114.35584624674945
662 117.09532556718928
663 97.23672339327042
664 145.9267808322481
665 109.80817179613464
666 124.49962905840334
667 100.54605220939834
668 103.8058796315455
669 118.20560598852732
670 88.18804143180628
671 125.86483775897653
672 126.0029794660036
673 99.39116390911751
674 134.17754885287087
675 109.79246783213648
676 101.63653148966559
677 128.85756160204411
678 90.08801571712647
679 89.61945776089372
680 109.95432339149791
681 100.5092850978833
682 118.41227647685021
683 96.49200859963132
684 91.23535999912019
685 106.051570830822
686 126.125680716229
687 110.98127115824816
688 108.76444916231749
689 121.96038105564767
690 127.56839574253327
691 125.33538420013896
692 86.91548293002154
693 92.15397491175071
694 111.38633041605772
695 94.03865844386752
696 120.16191524176556
697 118.06973505810228
698 109.6005689156044
699 94.71583791586008
700 73.6573554606929
701 94.50405237657478
702 104.02017009633532
703 114.48251917770929
704 115.30157654299016
705 93.3478943620085
706 100.32342589187427
707 102.48502127297908
708 103.51661629029093
709 102.40273425928333
710 108.50385391749832
711 98.51307430680001
712 100.75340269984052
713 120.06351741918128
714 117.1123673161841
715 104.07602975494895
716 124.82932812045104
717 84.2595012026132
718 138.012415708161
719 103.59804917425477
720 100.53848877590156
721 91.03168774073157
722 110.44187497427002
723 87.89592198783835
724 116.05169187775171
725 95.029632733522
726 95.80076877907712
727 127.664341089589
728 107.17330177797537
729 101.39726582410475
730 102.51615677269844
731 108.61354632636456
732 123.68672492286095
733 125.79111298384477
734 115.80423212633443
735 107.5777056505884
736 106.84690871374306
737 118.47879348953134
738 98.93885356235427
739 118.62775648205188
740 92.05341822162579
741 96.35073561783348
742 103.78009716281595
743 129.55189345245216
744 100.36450132807988
745 110.74896337757043
746 101.39180789566164
747 96.5178389159225
748 107.6062397123983
749 87.07932832838719
750 98.04038914187149
751 117.94521716535377
752 99.18095286625623
753 107.11887038413114
754 99.33204096636219
755 125.7951611642096
756 128.4304077046839
757 96.81952208813418
758 113.20705582343786
759 114.82093518027767
760 118.56320755687986
761 100.48060131590432
762 110.31655603484884
763 118.010258182615
764 119.55008731498403
765 92.03133557581829
766 114.24422004815263
767 86.25600649020767
768 106.62578166002069
769 99.11913903197996
770 113.0162008370999
771 108.50243258588132
772 121.96458541920266
773 102.93223023659601
774 114.73075298531204
775 97.72762227178093
776 119.19890374873592
777 96.63664368454985
778 96.99355580171255
779 126.11669164511257
780 110.13816258877799
781 111.29170212618052
782 117.21906382968997
783 105.11074541297404
784 90.34494328292422
785 114.59023901252242
786 114.31541010961541
787 102.4608178767926
788 109.68342474759379
789 120.37314507649421
790 84.35267715473506
791 98.09145454200612
792 128.4134487624403
793 116.88634305095424
794 91.9423522372938
795 112.7052457517096
796 117.16248512717947
797 106.30074282282295
798 108.3177637676521
799 106.82931763214543
800 104.31074721425455
801 89.28948779699802
802 109.57724208917264
803 116.57981022176867
804 82.94631496536275
805 110.14066732320839
806 103.65741740182018
807 101.0255675923708
808 106.50927488255647
809 86.61704592108242
810 95.56391386428528
811 129.8381964880493
812 107.05708671165569
813 114.52459458007245
814 96.9733487120174
815 113.14453925394959
816 120.67866126126863
817 99.15235137403305
818 109.01736636601551
819 95.93361022255438
820 118.0348223096413
821 117.52332710706257
822 110.11353624748443
823 111.73193599873436
824 94.97770609031187
825 102.45115847960258
826 103.40684666778574
827 111.02668987898453
828 101.6050180790208
829 81.40418546985961
830 142.30221765906552
831 104.6540001018625
832 122.25203905732056
833 139.99453057362575
834 114.31930622733755
835 123.57190572535482
836 119.99571284727196
837 110.0570756812244
838 113.15927823922175
839 114.7836056266275
840 126.57505381502811
841 124.34956098061518
842 98.96099666400278
843 104.74167292691907
844 121.13514701805535
845 110.79055101737511
846 100.10590218834251
847 95.25742881856647
848 95.33116007198188
849 115.74232873633183
850 97.33808910830214
851 80.42783719279879
852 112.12036925042872
853 88.83765272728039
854 92.90585267404934
855 100.98893013483622
856 97.3271157537506
857 100.36641468847712
858 124.39685175321578
859 86.20799179200819
860 96.06100528907005
861 105.30148694758124
862 107.99039999132752
863 91.47700521455782
864 97.13831062947578
865 93.09068788660286
866 112.71592930371874
867 92.30277250590079
868 105.5737350983304
869 104.48867772176332
870 100.07191200292846
871 99.38541551413554
872 110.64468940174488
873 116.48227842224915
874 92.56533209007137
875 110.9997979521601
876 87.20691142989715
877 94.17627093591925
878 100.11226626463313
879 120.10873496310532
880 98.00766923936646
881 127.24485502830073
882 122.46032914571823
883 92.52636946958494
884 115.58653532450569
885 107.20725980180029
886 115.0844621811353
887 124.99928916903276
888 122.1390585540392
889 112.89276269229272
890 91.56464317557696
891 120.91274014140653
892 112.03111185869624
893 74.76949262003635
894 103.86877347999702
895 99.93552187971139
896 89.33431709455971
897 125.2479911547492
898 92.38886818768142
899 113.51958193890887
900 119.92959481995918
901 122.14512333360315
902 97.54776061268804
903 92.65734750713924
904 109.68039080585486
905 107.19168534401226
906 97.96472595315012
907 88.2744172908689
908 107.0570872699855
909 111.19437881913122
910 95.29317277853177
911 120.75680582303264
912 119.23897813181162
913 95.98286299756326
914 84.46409863897988
915 98.98104704366223
916 114.13258179808942
917 126.58330528859388
918 78.8728580070601
919 93.89562225664838
920 107.75109831934063
921 107.09970513479439
922 116.35355485428626
923 99.84748770913819
924 108.76362420246232
925 123.749138738783
926 104.93585322490627
927 107.46734702009681
928 131.13646707143127
929 103.78708504096204
930 95.09864345742884
931 98.00460206268589
932 102.17235763534362
933 99.59244850707525
934 89.02388525300792
935 87.11384779110648
936 116.32458359457605
937 110.07931645300548
938 123.19451588636058
939 103.12619852226334
940 113.57527842390469
941 99.39662209919666
942 119.91886444340874
943 125.22955958816716
944 132.65496545267197
945 88.43965224383393
946 104.58532368866875
947 130.43485284109335
948 102.72152307384968
949 97.4044305193775
950 118.2042927460751
951 79.43949142201542
952 83.95824235452262
953 102.29455104420589
954 83.3565684144326
955 87.46494083396202
956 98.86495191595411
957 123.90672459562913
958 96.16307584425483
959 115.51880126443181
960 91.17993657776866
961 92.33680473379928
962 110.13239641616651
963 120.12095289635272
964 73.39745287235985
965 93.73889634955933
966 86.3587015115429
967 109.4028435627623
968 98.92546882356164
969 114.61373571389645
970 81.03930262335406
971 140.8108277758339
972 92.6908252888007
973 88.64191741284931
974 120.53729418610867
975 98.12013007739124
976 88.63109194945496
977 98.47940340869488
978 112.3183256332568
979 103.06082929436293
980 117.32266189524876
981 105.47309133524729
982 88.1376378197334
983 100.34318967549142
984 100.35990173300071
985 118.17027493236219
986 108.1698504115237
987 102.38661524176243
988 86.35441831708673
989 100.18964976997167
990 97.96980023261371
991 125.84441894708114
992 113.06611395153875
993 136.41350936862483
994 88.61237372542297
995 78.00710197652108
996 121.90937086052459
997 119.82508499347014
998 96.29104800090057
999 103.78218930209532
