0 137.0757617817333
1 122.95532546873166
2 147.96236427722542
3 118.51214692732233
4 134.32563047434618
5 89.8262609729803
6 119.73177601036802
7 125.00144094831873
8 119.17249825085003
9 115.77956334350195
10 135.7140772752465
11 95.92554178442722
12 104.38813127815206
13 126.30511920849524
14 133.3068134995974
15 141.48877358419304
16 119.24859306914837
17 103.97516133924934
18 125.92688672449309
19 129.3790714334616
20 129.94423197388605
21 98.31473523392997
22 125.8195233275989
23 101.63193545872306
24 121.2473429728403
25 112.0551900695659
26 109.08037467776008
27 107.7997327328295
28 104.59113057278735
29 118.59978648009816
30 99.02906894721539
31 116.71765158394935
32 115.78412084392004
33 89.21320043018312
34 124.75407702554256
35 124.77160073180144
36 115.99717486951248
37 111.88175348355786
38 129.77393867036034
39 116.08526068113552
40 114.65790507656143
41 139.63159435882588
42 123.14714455084247
43 110.94042759201295
44 95.17826809477494
45 121.46347827509352
46 114.23165751256022
47 110.45885080417243
48 141.2068170949592
49 126.00050820889713
50 118.72987330719424
51 96.04678023468982
52 121.52329502685843
53 105.39762143712457
54 99.42332315059022
55 122.9115381518709
56 150.60738282876852
57 113.11991610592146
58 142.0269331085228
59 97.34051648746205
60 121.61928754818047
61 142.3134392388507
62 127.00592691121949
63 128.58858539179633
64 134.03303567726334
65 118.72342353906156
66 121.91167877790387
67 109.1221868335493
68 120.81364384543018
69 125.85939171744063
70 142.51612912231096
71 114.73210373274209
72 116.96229946348437
73 111.12909543697792
74 122.16177512436424
75 132.28510229880322
76 119.12855741463203
77 144.9818164457727
78 110.15699302460972
79 125.77099767117183
80 137.98596308126278
81 133.80257008079136
82 126.67134820474065
83 128.5531436361924
84 115.94231545754248
85 110.88067502546853
86 128.05714091755394
87 135.20681365181798
88 111.80185740932602
89 117.35970706468264
90 116.77501215825075
91 111.90925410745668
92 111.15673483973754
93 129.09485978534977
94 106.92167973523043
95 125.32866226540372
96 127.35333311979878
97 127.08706694145603
98 125.233793021054
99 98.95917722009214
100 103.0260803356431
101 126.98574838151983
102 130.00815084557726
103 105.97081205282649
104 128.04509270493182
105 117.78719642970606
106 121.83478259980262
107 138.00256834287626
108 126.68977364588041
109 111.2250722434113
110 138.84682418553325
111 96.69299214413493
112 115.53549459596614
113 133.89787481771293
114 112.02006017913149
115 97.93490563264064
116 120.02697330463026
117 150.99983022899553
118 114.4817561488314
119 120.16023243136326
120 153.3200442903267
121 111.60831212419563
122 123.6713454069941
123 105.19733978456723
124 100.41119107578565
125 142.56216847013107
126 120.78340712866422
127 105.10733865307503
128 109.61472003282034
129 136.9794184892027
130 123.86088094784786
131 114.30089731981636
132 102.04698906300266
133 140.89909324583905
134 91.57423870810905
135 115.10942917041791
136 116.44947244588423
137 114.1411852408897
138 126.79802703576314
139 143.16711705733385
140 128.5109522909979
141 127.72128094191916
142 151.75976468381097
143 108.61619185055015
144 105.62848978810771
145 92.97132425994334
146 125.02183378099343
147 122.85690573198688
148 99.73413039141808
149 125.84329086382915
150 81.39829505298896
151 136.95478606395878
152 113.57061533027122
153 119.56246429415754
154 121.49598673852826
155 123.63507024374907
156 150.70937443849883
157 129.99071626304928
158 135.98835557464574
159 105.26585069331439
160 100.65636661105799
161 105.39458554372051
162 101.55802957299072
163 123.065424637946
164 127.05044127701194
165 112.23958668443278
166 114.86200059059708
167 117.0379014744708
168 138.83311303074956
169 121.36408697159436
170 97.21967208543944
171 118.9982530701197
172 79.90827020851971
173 141.69825717425792
174 113.28696831748391
175 127.79183019690484
176 134.90951635400208
177 125.83707229272282
178 113.22936123666028
179 114.61055763733502
180 98.72088512800066
181 121.39500286371347
182 90.27381023851441
183 111.61537026140249
184 133.7052158066933
185 94.78288583073493
186 137.02592088292974
187 112.96291469940708
188 155.25711771637916
189 120.97479794888636
190 110.70132987778837
191 117.55797667559372
192 114.09000959894777
193 96.28555502646836
194 134.71718607041487
195 121.14516532751145
196 127.97279438435982
197 118.93786278550013
198 118.38442670864937
199 119.80233874337719
200 138.0246657561328
201 101.39107021918991
202 160.55614146389263
203 130.23083713256008
204 119.05963740369432
205 89.72788596143805
206 106.68962651182719
207 109.60913783679891
208 113.18134225053808
209 108.47005782893007
210 109.21607403090742
211 125.14314028115938
212 100.19742191863608
213 115.77387228125838
214 124.27920345256439
215 126.44892495449912
216 137.51402121435768
217 132.89796920878484
218 116.0523629712872
219 121.64900866406018
220 112.36502245488427
221 111.33166835489696
222 117.78043211794571
223 115.86625773099028
224 99.93611236860914
225 125.56347058995088
226 116.19610016739854
227 133.3819827872949
228 123.43634192848543
229 133.5354751605297
230 123.37401201071313
231 98.65396441858807
232 118.62719636196387
233 127.78942276936974
234 117.79563321185671
235 137.74651075745135
236 136.1967582525625
237 143.64197399576062
238 141.93654803786893
239 117.69909071600414
240 109.11994869371473
241 93.57712462780817
242 120.1507748114333
243 126.91264032589511
244 105.60163824332973
245 128.40535156864266
246 90.74619078156326
247 117.70517089127269
248 126.1810490232861
249 127.9822887199876
250 141.51198174322528
251 100.70819906066936
252 123.68146944902422
253 117.19669490034124
254 130.85186741268325
255 111.91656904361744
256 109.81753453903484
257 127.65707567751258
258 106.68210240036278
259 117.75564797301868
260 107.5876087012509
261 109.75071254890076
262 128.54766347947964
263 133.5008467176418
264 123.91835750782644
265 106.38676487310178
266 116.30364053317862
267 121.24526462416186
268 119.39595454719186
269 123.47274791450076
270 100.37832114300735
271 134.4704336481926
272 120.65621798078622
273 117.74694666207357
274 105.36195618343314
275 133.2717421577999
276 118.06875649598454
277 142.80073249767528
278 117.59589085881699
279 117.78594329082127
280 126.96961839879503
281 126.30258172576089
282 87.75261688936297
283 107.28338941966405
284 98.95384929262191
285 115.90261432568545
286 109.7931491573352
287 78.88941433935048
288 85.49633660465398
289 124.08333783447813
290 115.66394295747519
291 123.20800962366528
292 113.7916123117167
293 94.97578504819053
294 113.74506208720602
295 145.57503260673676
296 127.96827375174412
297 123.33782366493881
298 104.3329340105063
299 130.68493589450944
300 120.95938172951398
301 95.81068162998132
302 105.61484304396325
303 128.95084984585063
304 120.83300062521738
305 128.5171902779121
306 142.63693401327276
307 134.17135608523105
308 100.65276370903926
309 121.12440327032218
310 127.63335027804537
311 81.93444266224546
312 115.43848760075915
313 144.72393463095548
314 126.84719344644647
315 127.38054928445173
316 116.93931901671591
317 107.90174833845255
318 114.6500988245134
319 115.26198262940646
320 126.76992221252385
321 125.08914442419031
322 108.73714796361288
323 114.27226163706891
324 113.06480782644833
325 113.82904721943109
326 121.20545615662303
327 127.83357364196327
328 126.32549202687247
329 135.92721049056283
330 99.50490859764102
331 138.79468075956214
332 103.18574059978745
333 117.32788638038419
334 108.34919251332961
335 125.67494178638859
336 93.08097818254164
337 117.64261779461016
338 118.14248651334229
339 104.57655552320834
340 130.82317708151
341 104.19362320493423
342 135.68010049202684
343 105.01236892431992
344 126.55731983051089
345 133.6955084117835
346 121.42180969314803
347 120.48287965117959
348 108.60362844158541
349 107.33122361819525
350 113.04701804349833
351 147.98823257807095
352 116.53551550501759
353 116.38714192893254
354 91.38873692591679
355 133.2712838786121
356 93.25916046416404
357 112.69323799645736
358 122.10412030924343
359 101.56289185148863
360 128.87407407892124
361 127.44229229128867
362 115.07719805233319
363 111.69848281599863
364 106.93041641594135
365 111.47716173016899
366 139.94763281320368
367 109.14029167707291
368 120.79802603068174
369 114.06813044764249
370 86.82640932968059
371 122.09529401915108
372 122.14098295217363
373 110.22992461741596
374 134.90984813912974
375 121.32841153918828
376 137.0305503170463
377 137.6150222033503
378 127.25306810663058
379 114.03220098055525
380 114.97274310030828
381 93.12893362332998
382 145.7642767322786
383 150.43515626969042
384 115.91559694870135
385 126.2700476188951
386 118.89752334133962
387 92.89884282407536
388 119.99187123045088
389 125.85914747203239
390 106.5906492260232
391 117.3976335860193
392 142.7155547469211
393 135.77582483069293
394 112.83271664322554
395 106.58374441669265
396 122.00454208254386
397 99.526832062946
398 132.81468378981177
399 137.94508306172074
400 144.23050782737332
401 118.62023118081002
402 109.10255725231421
403 131.11154378035937
404 112.9970451184212
405 135.70169353226524
406 136.84122191923777
407 141.9182118856387
408 89.09212058337692
409 106.67658458232881
410 136.2388758324038
411 98.97041273216153
412 108.793391673362
413 107.8252956235534
414 104.87813110050803
415 106.90352226671583
416 105.60736648145712
417 142.50553413985443
418 112.13377706812294
419 125.48087039282606
420 123.03365594551725
421 137.96023274787424
422 86.71393113333906
423 115.94618331263469
424 106.2737936253625
425 127.56270924994482
426 112.80913759375325
427 121.91554127708393
428 124.9463007073233
429 121.47026521222253
430 101.18177494632869
431 117.34448110685052
432 107.04762641312857
433 115.34610395813226
434 132.69967388121754
435 85.87962549806323
436 96.69436051841271
437 102.57176317818747
438 119.27585280559755
439 92.5979191283259
440 129.69075022536015
441 130.1296410224696
442 124.1345918743864
443 115.94116989308372
444 101.75620149425008
445 105.3663534980123
446 118.25119200136137
447 134.84554041781715
448 125.99966947143098
449 128.4366404872396
450 96.21014407851628
451 99.95844323192345
452 120.3253572683762
453 131.86434581767168
454 120.42778558063807
455 113.43432115815949
456 118.39511333655233
457 111.01782047593944
458 85.76118004089086
459 131.5463265011211
460 94.778890029858
461 140.78391200537882
462 120.28807007928127
463 136.49466864704064
464 109.80542983199051
465 130.9431504318762
466 141.56756415707733
467 116.28179258773909
468 118.66120563427557
469 119.80019614556602
470 112.91697198478424
471 100.57881927347893
472 116.92961169285542
473 131.03124348396346
474 126.30693997528324
475 103.44733423428319
476 104.26119037132713
477 99.96858725958118
478 111.39501453597971
479 117.1764225116841
480 116.74213458575721
481 127.41220975299689
482 105.93804882696799
483 128.28330689625216
484 102.79496170369123
485 122.31892300539863
486 108.66797882468748
487 118.18713586641276
488 105.0605671059263
489 113.80165738121288
490 125.91297145657256
491 80.8113390751292
492 125.49921961813405
493 119.38555480365416
494 101.51918974190164
495 110.82169981949599
496 123.10506704033801
497 137.7373028673014
498 120.66422098858988
499 121.71400940070063
500 101.07074027384418
501 111.59167364493116
502 125.57051401259965
503 99.96414320144864
504 125.0598310280428
505 143.8621158893326
506 124.90511597704972
507 126.90547626573236
508 97.1587685689408
509 121.38295022197583
510 111.88453045213922
511 117.5681480285429
512 138.3198280094719
513 117.32634131722655
514 131.041480494464
515 84.93212236823588
516 129.47531490398396
517 137.00174548759296
518 124.39004362004452
519 127.65276008400718
520 97.22348195486732
521 138.62111760582056
522 101.09268071600304
523 147.49954018665045
524 118.22610301295624
525 127.55037765510153
526 115.07038045305666
527 127.43908221006086
528 133.231921225041
529 124.78512136107368
530 112.0233383247727
531 159.84156119939544
532 96.20565061405934
533 122.01578271075651
534 145.0420686609511
535 163.45431603003814
536 121.05823457220207
537 130.31550589756296
538 122.9430957428376
539 112.13142991036618
540 130.45764407054773
541 96.64344977096592
542 152.50779014198525
543 118.72534431792361
544 105.06716850922405
545 104.8963328375688
546 125.33116965553113
547 126.28313121351326
548 91.84627816954459
549 121.2114086634854
550 105.01409652234274
551 117.47236112896823
552 121.48866914416837
553 125.66415415103108
554 105.16001529193596
555 112.03096746717354
556 132.4176074706892
557 116.34341269271016
558 123.46845455475533
559 144.1272661745325
560 133.5561951525265
561 130.3696784786484
562 131.53214494305035
563 132.04367251765962
564 132.50162859033128
565 127.20112419818615
566 112.94421877623886
567 146.08888222868373
568 95.05611055110556
569 123.03273260569905
570 145.88550307428724
571 148.02850479556943
572 126.31538306442516
573 128.2723882008157
574 134.63695819358662
575 95.91863195877153
576 133.39409483735355
577 121.90829789473081
578 116.96418816545759
579 125.13463877270551
580 162.90112989813113
581 121.69247253001052
582 106.01102652510264
583 155.8531306041333
584 135.39746757100698
585 131.75080827637052
586 133.09756157151497
587 120.57592549188828
588 98.48410583930202
589 80.6590525659406
590 111.61380970164706
591 132.64120891627692
592 117.52036369424934
593 124.83777442700305
594 150.15903654431426
595 138.19285376376052
596 115.53608778987692
597 116.31807270836566
598 113.10737567601517
599 111.38244970070136
600 111.1105548931688
601 110.5598941551549
602 108.11552422439253
603 100.01834713776998
604 125.41081701301432
605 146.51283078252706
606 117.40297724950189
607 153.26134720165288
608 108.12386120123354
609 90.2295327538762
610 136.8901379929254
611 143.0377213436487
612 137.66841714428355
613 143.20700878102093
614 130.0149738722223
615 98.31385378624947
616 136.9976579581115
617 114.03330749477004
618 126.07694021169793
619 138.95399043445377
620 109.95304004166964
621 156.00678399283353
622 112.55753695178475
623 107.2707030542558
624 137.09233532898483
625 126.61816384764803
626 114.53898109057899
627 100.90591163706684
628 121.23930520335206
629 133.74456399320692
630 108.51021226230456
631 116.36109518340614
632 132.49340144761302
633 127.3022875969847
634 132.26672118220714
635 153.99375376608978
636 139.00982168997194
637 107.41137208759672
638 119.67769482390565
639 120.34045510133593
640 131.72971941893692
641 132.75012403764913
642 126.25229116048065
643 129.54390570516404
644 114.30879609469442
645 110.9720346190411
646 111.48774312245321
647 123.80319906173025
648 115.66220050763536
649 102.3713208954695
650 123.96958168235983
651 117.39439729633595
652 100.30694963219764
653 115.19665157120623
654 121.04114563462755
655 123.53960847414614
656 128.06196133004948
657 125.6086089441943
658 117.4079836179669
659 130.23716114615763
660 121.3231414707345
661 123.62671688903491
662 139.17565728830013
663 133.90413493700308
664 113.10472937459015
665 92.48351807114072
666 141.17309171569354
667 138.8817535833759
668 106.00125617659701
669 150.13858992454115
670 135.14569366673828
671 117.10826675574442
672 104.77461232596703
673 103.22660685930447
674 129.38036150310677
675 131.23634935194187
676 143.48371063710266
677 135.55191781903764
678 100.62818490086543
679 117.03037339468665
680 121.16188319415042
681 99.80772186906228
682 101.2921115624557
683 131.53638756558544
684 86.7161031028632
685 114.18668347649933
686 123.18343179764355
687 142.70722996809533
688 112.95386566648908
689 118.20036045524805
690 123.41697982235057
691 115.39970942129142
692 127.22258223353974
693 107.27326038587623
694 122.38021325161476
695 101.47077330985863
696 127.34318438806154
697 138.70330267840419
698 116.76716377786126
699 112.07439591822721
700 122.58069065194842
701 99.61622504740839
702 140.44484698948315
703 113.17718713999143
704 125.10100806199941
705 104.406772668416
706 144.26971059781195
707 123.08824887637698
708 90.95718963460375
709 133.76354629268656
710 105.8224468055087
711 133.02434910077247
712 125.271048559063
713 124.53913474215364
714 111.89650193853113
715 138.06330508765535
716 150.78415990419066
717 101.33742711937043
718 119.03294277601132
719 119.88612205131786
720 134.9731351218944
721 149.90760393370152
722 127.29405750555308
723 125.28986212431691
724 165.78582001078175
725 125.96734142315086
726 99.7689791059229
727 100.66185593924585
728 91.40701857919497
729 153.72821317709668
730 133.56448199651874
731 137.86933521605954
732 124.27782250069413
733 101.90485004197808
734 124.36139838823465
735 106.09725452505977
736 128.41597663823993
737 121.9842287009464
738 131.2630810735211
739 120.45044735844867
740 115.67314335455532
741 130.9247422539175
742 121.72486515237398
743 112.41036381158776
744 125.70509532711961
745 136.18628194454516
746 113.95435996344473
747 113.46780919974962
748 148.8801508041586
749 122.13904666126786
750 91.37343891371657
751 146.2166742054451
752 123.09720786766022
753 107.7620220264742
754 119.33204776999008
755 128.51594481585053
756 130.1380474162481
757 101.81995096564371
758 109.28481043834321
759 113.16454638946985
760 118.18077810389858
761 121.55749251151578
762 116.97306099284825
763 119.08623351731516
764 130.76031230939648
765 104.75114837149066
766 122.02408045493256
767 114.98008628048682
768 89.18521921185285
769 128.01443422501404
770 117.26558644799563
771 97.32452385143921
772 108.35286532746997
773 124.09097368232855
774 123.6912329791311
775 114.83844965408493
776 110.74078194497194
777 105.4465632053889
778 107.42449937920395
779 110.36145386228364
780 151.9202755811522
781 122.24511046186117
782 137.2651519421304
783 118.65806891948213
784 95.12978573708878
785 106.6892856214161
786 109.50020925412522
787 124.37616961384653
788 119.63763914835074
789 116.70459979593646
790 106.39564829300234
791 129.2823512557993
792 121.9493819662496
793 115.08006498735723
794 126.16535591423137
795 114.16745115010534
796 101.49179109189075
797 96.87163196175776
798 126.42202305803225
799 107.9539187662266
800 133.6532547162846
801 122.0441443396484
802 152.58341849910613
803 118.1276614009009
804 138.17043914713216
805 115.55492526943031
806 136.37152845077892
807 121.6779036110112
808 122.82125414919027
809 128.20415765001724
810 128.0633261620964
811 125.67042004610305
812 145.3494567920661
813 125.05289364520532
814 92.49416308289548
815 126.80761934014069
816 117.60172702753827
817 122.13235984527746
818 107.6294289712148
819 127.44607009892782
820 114.25034424034874
821 123.5974219234352
822 132.35394724093334
823 115.28631155645934
824 114.03214933072681
825 124.63250978312068
826 76.07719376378984
827 121.82518724058883
828 112.78360435294466
829 133.96656173808807
830 87.39402042130989
831 115.04887683839799
832 110.5682477797758
833 130.11642203158567
834 111.3959397187558
835 107.02795231596774
836 128.66452757401862
837 114.18405014767335
838 130.44032169826005
839 99.40368813249255
840 103.37665243422153
841 109.92776521749902
842 101.66078523924851
843 112.71805075527563
844 128.6326122362973
845 131.60509222555498
846 116.95778665321153
847 128.70244664857992
848 123.8274445178897
849 111.72595935803645
850 124.50482258195515
851 107.92911452361332
852 139.04482630247807
853 107.71450326492769
854 122.14531216457563
855 84.99462771712587
856 90.18394465790904
857 100.9825044961487
858 130.89008413829447
859 88.94992660393217
860 114.83756490608437
861 102.87561138327187
862 112.14727796675167
863 135.57412703709193
864 108.45499097169738
865 122.27769436807267
866 119.74347857711678
867 120.89377372036702
868 105.91020349927425
869 134.36326341288682
870 136.79875997419094
871 107.804517072203
872 123.09356485710364
873 102.4659916197786
874 114.39366045018922
875 115.64661820844373
876 104.07324506744845
877 134.39753080205804
878 95.84265394210477
879 100.64688316850341
880 123.49297216417429
881 138.45469679143116
882 105.63825228066848
883 144.27147487862445
884 112.80605682925331
885 109.82652664502461
886 114.80561759382894
887 113.84208380109344
888 145.23406765571852
889 107.8649054734281
890 114.43755135890245
891 108.71883423687677
892 129.64326275706256
893 120.97073524725408
894 92.547063529871
895 116.57979508307177
896 146.17305920616428
897 140.1334592257051
898 114.81070166770179
899 114.36351382939003
900 102.97163808957262
901 174.38402926745113
902 113.750724321609
903 123.57849179917983
904 146.56749476970515
905 126.71179739844385
906 119.26095213865823
907 138.55352178683685
908 107.125688287868
909 137.89599234271117
910 125.91784310118851
911 109.47033086090228
912 134.5138441805977
913 128.97019651260916
914 125.32949523304814
915 123.46279366672383
916 138.0730060485371
917 110.68263915035033
918 154.46512062403187
919 109.22461617054883
920 102.8154300552562
921 137.2052814304835
922 143.71088961556066
923 147.95309930421226
924 135.8362203554181
925 117.81480360694162
926 127.54665359801169
927 119.5991377696667
928 130.07657840189017
929 85.2648635737826
930 109.80458715574656
931 112.06672467644587
932 113.89842315711061
933 125.63354522326358
934 115.96212831458335
935 100.07339311377116
936 124.52213452130499
937 106.12403166136986
938 115.80476474091604
939 114.82822741811864
940 129.56077089843873
941 122.88837203436972
942 88.88745245686451
943 95.51721924917639
944 136.69123780732787
945 114.88787308932349
946 108.26578534622925
947 120.64196188584809
948 122.48677436929222
949 133.8545931160568
950 114.71106678453877
951 123.92681424898335
952 111.70524886121584
953 108.31704872584432
954 97.6543226788108
955 107.03989237587173
956 112.42555669169334
957 130.69631981507138
958 123.62908214934419
959 112.09181217307746
960 149.30981475854455
961 103.7253403199581
962 120.45614690927405
963 117.80019481956585
964 125.42072209518872
965 120.88809479940116
966 103.54105466993295
967 72.33808004794615
968 129.26424103707907
969 100.39940422250174
970 127.00073421074813
971 126.02588547221367
972 143.55547159202368
973 128.597997169935
974 94.3741621780631
975 98.59725502429912
976 132.2659893196355
977 89.63847733687864
978 87.82069445275506
979 124.735873233553
980 125.23681240658904
981 108.90885091241066
982 120.65901043971503
983 117.00901896565188
984 144.83568782205512
985 124.15676130872968
986 90.19186670143763
987 108.75794474451055
988 124.20793236263728
989 113.52249598459531
990 121.11477012599788
991 107.06049431819146
992 101.43811317970027
993 117.83777428205471
994 133.7669142058095
995 105.29365819463509
996 120.12206457479331
997 123.23459983933266
998 120.05762125473443
999 120.17285967941385
1000 119.7027541772218
1001 134.9710462746387
1002 132.21971323621878
1003 105.47396207652514
1004 120.12593253406935
1005 118.42766294932252
1006 129.5720577752906
1007 108.84878806831446
1008 101.81271250928934
1009 105.31272543555309
1010 123.91605516311398
1011 108.73728629249965
1012 136.20125971200878
1013 131.13955457394306
1014 89.36170658251987
1015 111.33010086277274
1016 141.71939818891673
1017 144.18207796882672
1018 116.00150717346129
1019 114.4442724470731
1020 115.6982828995443
1021 95.05359136411097
1022 99.80564159306404
1023 143.72708387378842
1024 128.27632994082848
1025 122.18089719899497
1026 118.21225809840809
1027 121.7413422814085
1028 152.6140179184049
1029 122.63451694495679
1030 106.96564881844165
1031 125.41125341854647
1032 107.27110389410123
1033 108.07584744860094
1034 127.24970996444442
1035 111.9633398433544
1036 71.86847324785386
1037 125.24458513794137
1038 109.0140391310845
1039 110.0505712908683
1040 128.07354720113293
1041 106.75784690136074
1042 152.6351159561164
1043 126.481231944647
1044 113.3787558984645
1045 145.83547334127846
1046 141.6655257999945
1047 115.96587555831498
1048 164.43952351739443
1049 122.18038905816184
1050 107.4438827565117
1051 110.26948063822583
1052 143.0161786793042
1053 127.17642685400918
1054 135.01882846012202
1055 121.41654011798114
1056 118.85391528372824
1057 150.78326879321165
1058 100.15749217092028
1059 129.07556837430596
1060 116.21916803759694
1061 131.4556609117393
1062 121.16074662545957
1063 138.47323007429733
1064 115.243390277744
1065 100.85155597575778
1066 99.06334373088364
1067 118.65200611559281
1068 127.45210519116159
1069 110.12042937268828
1070 135.02533191288612
1071 130.72417530417044
1072 132.5083737573101
1073 145.15909115821867
1074 116.95170102156222
1075 123.04915231703659
1076 127.89277622253283
1077 160.62400639764434
1078 96.54768773037333
1079 97.15748011294902
1080 108.32700887504001
1081 105.59001082347241
1082 134.3057794416184
1083 122.33891878215648
1084 107.17654841438687
1085 104.12832775237553
1086 108.16510453804014
1087 140.3869545510556
1088 129.36720911637207
1089 123.30835950404261
1090 128.651915578569
1091 113.77113339018734
1092 133.08383862628608
1093 120.45694941239185
1094 119.54788093937555
1095 98.56231254595941
1096 119.9217843698432
1097 119.27275383492179
1098 108.89540367349183
1099 112.80393787656816
1100 152.57604191910804
1101 120.32533521993292
1102 115.81363483745564
1103 123.67324910990403
1104 104.40529288286686
1105 115.1913327765776
1106 135.7972112215952
1107 120.02794475591315
1108 87.45582713397987
1109 82.45841684131342
1110 126.9069557571584
1111 118.32093558501008
1112 110.13863968348272
1113 98.8606180779906
1114 133.58523368185067
1115 100.34449537079499
1116 122.20488106377724
1117 134.9948348434502
1118 103.67369107564748
1119 129.6978693370371
1120 111.3861183187659
1121 140.4510113276043
1122 111.96608600789602
1123 93.32529415523302
1124 116.7687335246192
1125 111.96514509803087
1126 98.49560507079286
1127 129.95341285883816
1128 129.1509073439588
1129 105.35860162549383
1130 132.0888668885676
1131 146.74140067832312
1132 124.79075028102937
1133 108.7990609324989
1134 125.5902435752395
1135 115.8784872329265
1136 90.39346184599445
1137 127.43160485498295
1138 125.42045776985381
1139 115.72794926414227
1140 121.96821445103099
1141 118.35678370313552
1142 104.56799149870632
1143 114.64317468416282
1144 113.11997760704827
1145 100.85552845576403
1146 120.63402033174972
1147 114.04060059088982
1148 136.4852275368049
1149 126.37963198676239
1150 119.52805555744479
1151 109.76664931355609
1152 123.83190191511206
1153 110.96406276389777
1154 110.09754645670876
1155 116.81915056214923
1156 108.92238470268964
1157 122.32497890173633
1158 127.26573719309951
1159 140.8653550723817
1160 119.44597640788456
1161 121.85267425901047
1162 115.08176787326636
1163 140.5760342821806
1164 150.73807118098773
1165 124.91956834425687
1166 121.2103084771406
1167 123.24354881047023
1168 145.22090918448552
1169 126.58126142343424
1170 117.83006842599826
1171 131.5151693587984
1172 155.51357464727374
1173 131.9253016501655
1174 147.18590680766397
1175 122.89363244614749
1176 123.3890640191629
1177 100.76319880828241
1178 118.69043682355569
1179 150.50220704269134
1180 127.58252203517078
1181 101.13573153311287
1182 143.13208262507865
1183 115.51386094739907
1184 138.20315238353467
1185 133.23678088722576
1186 145.7950858840833
1187 106.87354329259873
1188 151.75541805830073
1189 126.20745245810826
1190 132.82679045816278
1191 122.91013534454926
1192 108.96942247865735
1193 119.01781288664262
1194 120.85756105461842
1195 106.8742148930944
1196 116.22730644370394
1197 124.1092973184508
1198 144.55186449450795
1199 106.45550706320026
1200 126.93257632506652
1201 123.84232208029921
1202 146.00545339734026
1203 146.2851002227465
1204 123.47747492119073
1205 123.39176767321085
1206 116.36587391994159
1207 108.61039222662411
1208 144.63680685911794
1209 112.85841567205571
1210 128.3827613288027
1211 106.60286964373088
1212 116.06339023902086
1213 133.5107812139837
1214 107.39548687573213
1215 124.44229236555456
1216 117.80337504270845
1217 121.14491589164014
1218 95.37811826347615
1219 114.13804693506661
1220 116.05813484945948
1221 127.78095708178377
1222 127.32935542843138
1223 115.4104090409019
1224 110.88190829179544
1225 115.3331273048208
1226 135.58964389097855
1227 129.38060959001191
1228 129.8744391069451
1229 134.05521066815402
1230 119.32426007800407
1231 113.3742037263701
1232 113.44058005920567
1233 118.53748691295192
1234 95.45373708928875
1235 128.73842724579953
1236 125.94404639695095
1237 115.24945310099793
1238 115.12599817602911
1239 120.02516863194977
1240 117.78409741244512
1241 124.37391998680548
1242 115.5492458058099
1243 110.09189333709946
1244 127.63247867885994
1245 112.87728971765044
1246 98.70742290209469
1247 115.67409282790346
1248 122.01346620641968
1249 97.62220025310818
