0 88.5914114940855
1 78.80048106514491
2 82.75717681860905
3 83.66226747879317
4 69.12971007059187
5 86.11842881565825
6 89.0126116707315
7 54.74386835651914
8 96.2708757689004
9 73.86304716194024
10 81.01409183519897
11 70.41636205697269
12 96.06825860126976
13 88.32746714896592
14 85.30888817690916
15 80.48135339255843
16 69.80984483640813
17 73.32053172632439
18 77.01453776562343
19 101.551972150458
20 64.49270853216176
21 69.04823075475633
22 67.09153458370685
23 57.626498412319286
24 61.401035208211205
25 68.80594383558743
26 70.02683755680204
27 96.4200724970246
28 75.58926459656941
29 78.87900020198326
30 87.18174123965926
31 77.78046208966975
32 78.97566218947752
33 73.58735509529488
34 63.63833179825517
35 83.64764408085564
36 88.77108555378452
37 64.37576455877918
38 66.4782864395024
39 72.66965791095329
40 84.93586710270239
41 73.44152634423924
42 81.79891865878469
43 95.84451151960147
44 75.1560453226944
45 81.9322701305543
46 81.76392932330529
47 88.7444988088165
48 80.94118071568133
49 71.8905586711987
50 95.28649319249894
51 91.14069820202997
52 88.16793379005586
53 86.50598917960538
54 93.93685752154728
55 84.80479169609883
56 79.33442428676628
57 80.86232924958664
58 107.51039922603806
59 67.02390108098888
60 92.58634259359744
61 95.41902056445736
62 75.69946941806333
63 85.44159796227885
64 84.7533064990388
65 75.29139953049919
66 81.36238954218845
67 90.73946562103707
68 73.4957596637195
69 53.62042210458553
70 75.49116857657364
71 91.92739260072365
72 85.65472237191848
73 85.88826595076563
74 76.85312495432655
75 84.45304489721427
76 74.95644897916324
77 78.05494205770236
78 80.1735779807972
79 76.3910886132888
80 71.98484558579358
81 69.85578058145694
82 78.9201770228067
83 96.86146964326305
84 99.43772189906254
85 87.43195894327657
86 76.97917587312978
87 80.98408152444698
88 59.100259433081675
89 49.061978538382945
90 72.52166616234746
91 91.53023794907834
92 75.81153284975348
93 79.60938192325489
94 55.470081945365806
95 87.16428861440637
96 80.75149608857232
97 58.633368385909314
98 76.19206706761554
99 86.47898569539673
100 75.54058254820924
101 89.46193563796793
102 70.16334111292294
103 71.55954234133269
104 87.38503454553403
105 75.4965909824676
106 71.20075175504888
107 73.15778400511941
108 71.61243015824822
109 76.99845473643177
110 83.12176608728466
111 73.7201301040173
112 75.07288938450547
113 69.86533253519625
114 93.95078552983958
115 80.50903894614324
116 89.94905421630818
117 75.48122267940774
118 76.51326914765713
119 94.36700732538024
120 80.75494654048582
121 95.26057186357633
122 94.43556919632282
123 83.69749952770864
124 75.20851348759906
125 73.29456667968864
126 91.28729959838132
127 82.00840157864458
128 81.64466441703036
129 96.98040101971407
130 85.25912530828676
131 82.50510337337103
132 78.8917495084865
133 78.22421122706794
134 101.83948076119457
135 102.44267402328063
136 76.41090700303593
137 68.91069520089344
138 71.31414648106283
139 73.83322233706292
140 73.93872765336306
141 83.13216590484397
142 84.7919824778262
143 85.5114122571687
144 77.51112491551488
145 80.27695361052481
146 78.5403446535174
147 68.08119125682065
148 79.2411289513909
149 69.66153650717973
150 93.86996626426031
151 90.98568238190931
152 84.84172740514515
153 75.72285438714586
154 85.72585260899302
155 79.60178568088082
156 90.75075945289969
157 81.8818618394435
158 76.9525256198494
159 88.63704084065031
160 66.69650323362394
161 74.00836546270911
162 75.8951775337465
163 82.00806153206314
164 57.917699727567104
165 106.1433583557632
166 90.56809348760504
167 87.09205854612516
168 79.80964915593766
169 78.11453119014298
170 77.7081806536577
171 107.35742006904111
172 82.62909319960838
173 73.01022068829381
174 88.32800500785392
175 75.68059994007244
176 94.60700180657611
177 73.83628367136065
178 72.16339966693583
179 83.05359343474126
180 78.55909661175654
181 88.55375214260857
182 84.58695143891107
183 74.70835892675551
184 80.44431100721957
185 87.52363771366664
186 88.3049489742089
187 86.51795972319583
188 76.55729105708375
189 81.75791743302979
190 90.73785825010283
191 63.96946644755845
192 72.90340044508137
193 78.45711289678678
194 64.5171759736078
195 59.62310826728344
196 96.07788344591549
197 85.70250555117613
198 65.16217034553851
199 72.63090153539538
200 88.92685173662515
201 98.59140390520182
202 98.57243727470794
203 86.53252249687314
204 80.06643752007078
205 77.4231721897263
206 80.80780486292194
207 90.88855021472479
208 72.5805276717313
209 88.12082433852493
210 82.82856470163358
211 62.77862461765919
212 75.30240066185
213 78.00954442292655
214 95.87858567098192
215 91.05515515272431
216 89.49316184652893
217 69.49532336810303
218 74.20703627620497
219 71.93822369691947
220 74.73048909098974
221 82.69243812884834
222 94.53493647518857
223 84.97734512987228
224 75.51180755141156
225 79.66400081044583
226 91.37835666479567
227 80.13745339923071
228 82.99415480764391
229 91.22041156210722
230 80.49469739314165
231 79.1537793865943
232 97.73045283869254
233 82.20357304863754
234 79.05226649720738
235 77.88215267313981
236 80.44840723892082
237 73.19758879178842
238 74.42797901786757
239 73.84887716406737
240 69.05255273790112
241 72.72280935265603
242 77.63501361634212
243 86.03400121803773
244 74.04990145629993
245 72.41962828350832
246 68.70983421274266
247 92.16398031323925
248 59.16590491273795
249 82.74939189512251
250 73.9395167449285
251 81.59817439052325
252 83.27488502657249
253 70.5027821204533
254 61.90565892973229
255 80.49837756858517
256 81.60598211634255
257 86.81696181399457
258 85.17480102914686
259 84.98083848157103
260 96.68347570888012
261 84.7445743255079
262 77.24605635245507
263 86.33023664845743
264 92.03578778887933
265 95.81457224140885
266 85.98754629388758
267 107.66338580854496
268 80.81267359193909
269 78.53072280430527
270 93.30086433982844
271 96.76827475069858
272 74.73496377242682
273 74.78440238102199
274 68.18534652666185
275 84.06027567051441
276 96.12242233798564
277 72.02234374333558
278 81.01765029395207
279 76.9475487631327
280 83.27154670846022
281 59.82188887947409
282 85.91666863588372
283 90.76573509279736
284 80.34573019879487
285 77.10049234819039
286 85.34451769094838
287 61.058824308434055
288 88.22359012755652
289 82.75050609820943
290 68.08881609867572
291 72.72586648991069
292 96.18555511166251
293 67.78379744789513
294 76.17985578126593
295 93.93790325844985
296 90.08891202770756
297 82.02347833740579
298 80.92405656809184
299 57.146485648996304
300 76.45834835662039
301 71.04846010416168
302 69.53073290083522
303 103.10512745080277
304 85.86050784301855
305 99.74487418398711
306 78.35337610175213
307 85.8859366681079
308 110.73351246512156
309 87.76996925415327
310 97.89063784027338
311 94.02266663566003
312 57.66991282003265
313 91.90879895180285
314 71.38534716625641
315 109.22937431339425
316 57.58450424391478
317 87.66675926089276
318 68.66238033730659
319 69.01922069449311
320 73.29260460979751
321 67.52909460597337
322 91.81165506042679
323 87.40012984828242
324 72.69866774487461
325 80.38336361041308
326 79.51793307461226
327 81.28214893202107
328 61.29940607633774
329 80.0943545030903
330 80.6862578858565
331 88.31972244373566
332 65.23653901780456
333 64.69718989294199
334 89.75250814090184
335 79.41520893150799
336 64.17072991938043
337 80.09532597828863
338 86.57365230090707
339 90.66836145285113
340 72.79294001361181
341 99.46929803553749
342 92.15486251068978
343 100.61368747106275
344 83.36787268227177
345 86.95744431112821
346 81.41426752794146
347 73.31466397499965
348 88.1426647239721
349 95.75792803726391
350 85.22120014883457
351 83.26385907473406
352 85.68432501117773
353 89.80086503825576
354 92.56850590618255
355 78.40098236692745
356 83.40343263353492
357 87.90664397244687
358 109.53684797774876
359 94.60454991327704
360 84.57198380389652
361 90.00065185173605
362 84.33319168240982
363 82.03326181901856
364 61.26634876485554
365 93.68358577757299
366 77.17522037880593
367 83.66723644671102
368 80.43549757297922
369 81.64327725239426
370 73.80700831026425
371 88.34909628910894
372 91.2601536404925
373 87.49504072829043
374 76.19102161754745
375 100.19436200324567
376 64.89619866479478
377 82.03913040620836
378 75.13671394800572
379 69.80931818509657
380 80.22637169936867
381 88.26331911013413
382 69.83167400195539
383 78.1032516045521
384 77.91543890880642
385 89.19305917443926
386 65.90536348307312
387 84.75424300297678
388 81.42940803813704
389 92.66763279145475
390 89.80409868281261
391 82.65170740847178
392 83.66176963329787
393 75.71364506795618
394 90.95838085031679
395 77.24214854102784
396 81.10191843568698
397 79.77728344933995
398 75.61007499895028
399 77.69832227654035
400 95.84667662770259
401 92.43176142355769
402 83.37626309960184
403 69.34968971550612
404 80.79901978783357
405 85.64378313460841
406 84.85079585531305
407 86.18916176751894
408 75.35397560955396
409 99.08192380915251
410 92.0001613159589
411 86.651144935054
412 94.1791592289581
413 66.49801352476554
414 91.78509048954497
415 91.55227415521445
416 87.55979227025679
417 72.55657912556838
418 109.70253865397247
419 104.39607275842552
420 77.39023761737042
421 88.88128856706024
422 94.64554883340931
423 95.99820182017127
424 86.68479363597697
425 95.98265523949537
426 73.98223746847378
427 87.06350986047188
428 100.72811807842699
429 94.17767756125056
430 75.01029465228449
431 80.36011941283543
432 81.53676237805615
433 94.29570888012526
434 94.63910716465706
435 89.25761019125535
436 73.45807348184965
437 87.49650209599643
438 85.74854223574987
439 103.16329325836654
440 79.54481177537366
441 78.22356932762678
442 59.21523646379317
443 69.34738382764358
444 70.39398482597994
445 79.28914717763217
446 68.43804649211751
447 92.39306568747243
448 77.35500278011014
449 86.62172142355675
450 83.20122088570781
451 81.05016001253233
452 94.06817855654687
453 87.40708465120422
454 66.39403641041024
455 83.1625995875054
456 74.91678863785684
457 76.608485428574
458 72.76781487232309
459 88.51789540852837
460 89.72677542472451
461 94.20635617794098
462 83.84969426906596
463 72.79503824555073
464 65.13348545118173
465 92.02839160429795
466 86.48795367119975
467 64.34791842682168
468 80.26854917256632
469 83.92438548664745
470 86.0433713577344
471 66.69832067916559
472 77.90657982914979
473 64.94468039109798
474 82.33352105782798
475 72.32759005601375
476 68.21781416226403
477 77.72825420384122
478 83.9690014093971
479 89.90732581147857
480 70.60002596557456
481 86.64085311117609
482 73.11672149037052
483 86.80983864468853
484 74.5265131323658
485 90.3173248092779
486 78.93586330228048
487 87.1769968396418
488 83.88112804364123
489 85.18725644954448
490 85.64094700987631
491 64.40079710467005
492 87.43791417515757
493 64.33831156435912
494 58.65152318263216
495 101.8073052369541
496 63.594880034188364
497 76.93453870245945
498 78.29626924207179
499 68.37584489816157
500 88.11587952036979
501 81.58833456316358
502 77.0480068828314
503 76.14557769368258
504 67.29221043548634
505 100.18768089863723
506 73.76213022687821
507 66.30712967543136
508 54.33057948092263
509 76.31663864121623
510 69.78995486253228
511 68.19238881553613
512 76.69723791162151
513 74.2754104653552
514 99.53906896061507
515 85.72171357106642
516 79.8135917543534
517 86.48988095135799
518 83.9016607913114
519 68.14434686135849
520 76.15525062686464
521 82.52397999409266
522 73.31921604578098
523 84.19954989592934
524 53.49028225274523
525 80.06597473787575
526 76.86464110489955
527 78.16616288595013
528 77.82486826982712
529 95.9744752767965
530 83.81978248634748
531 59.20693992143292
532 80.62544941131164
533 83.70572978333158
534 92.9066127005985
535 79.45245068366326
536 79.11691988631657
537 85.7384734357002
538 72.14473482639038
539 76.06770339007497
540 79.32072745262074
541 83.29639590561803
542 95.64219580496786
543 87.04841053280339
544 84.55147665800776
545 74.62053794438837
546 67.39484216967624
547 74.29856628210844
548 81.4363684821695
549 90.60887836754085
550 84.25227617264743
551 81.39312480336032
552 93.81396696548762
553 75.95311671566928
554 82.56424967346621
555 84.21294500018172
556 88.21262209619476
557 68.85875167729148
558 78.99647239348883
559 77.52372726908622
560 98.45215662570303
561 75.77839642691123
562 77.23438805149064
563 69.95710361160585
564 80.7361309053375
565 84.58562245190946
566 75.51634868023676
567 72.51832833969517
568 66.19128285555433
569 85.89741202752862
570 91.81373391933622
571 66.56729601154659
572 71.69066045631806
573 65.2758924323522
574 75.89555568502698
575 83.17291279476903
576 91.47669535068836
577 79.3772068613491
578 95.98427949311824
579 87.94084750080724
580 89.35077963168335
581 71.86686262159789
582 78.01373227081135
583 79.36428306284127
584 81.68957809885588
585 99.72624136716675
586 68.5264918928878
587 83.26957705868178
588 73.8769058094367
589 86.99490898889229
590 59.6647626098382
591 97.38654556565511
592 82.42474008622435
593 84.47749952187013
594 91.38572931200365
595 98.29387359276741
596 71.25399704950757
597 76.87127035073199
598 96.55173471095198
599 83.05969544765999
600 70.86705523718038
601 73.79930730618882
602 93.43468667225761
603 76.08675292858787
604 73.07330191788841
605 69.21458183326503
606 78.12374851124862
607 81.35870446920106
608 72.31800980774125
609 81.29300439968678
610 76.98609928389483
611 74.73815769247082
612 77.53412665529217
613 76.59722584406695
614 89.87632585606062
615 83.94292033363008
616 83.81744340983185
617 84.03890861303337
618 71.34311869252535
619 80.76038866292872
620 74.34044351707476
621 88.30624488297872
622 86.07102537421763
623 77.63837739856929
624 73.53705470871427
625 65.96034283212512
626 82.59672000443447
627 87.23174834744475
628 82.8426280157651
629 78.23777103501013
630 86.69714468818381
631 90.5940036526197
632 78.55768859229862
633 92.54083544308742
634 85.75033618336391
635 89.47824555346499
636 85.09898406391706
637 100.66582242024661
638 86.46691886595363
639 77.93245333365354
640 79.3450629312204
641 93.579553641332
642 83.68790943487693
643 89.86019359411786
644 65.63228119788006
645 79.56556462937337
646 81.82336222263152
647 86.87142594241489
648 90.78180310505824
649 72.03391787685055
650 85.89935027200829
651 86.55634528079001
652 75.89727816828946
653 82.79700742765365
654 71.65477739829076
655 63.03951397082575
656 79.83909993245369
657 73.93226907302208
658 94.53347853231772
659 78.32736321565457
660 92.80818589771077
661 66.55507106245241
662 88.06903118366914
663 78.31459795831678
664 94.0307218633401
665 95.42969872618575
666 82.40053224975254
667 78.67422076043283
668 84.14509566962886
669 63.98785557865804
670 71.56795343337865
671 67.58180398520601
672 91.57926325673988
673 85.66211786448856
674 73.88000782278782
675 74.87255916593145
676 64.75159211866288
677 72.15434079453723
678 74.90845016684055
679 94.06109456662794
680 83.23775265183046
681 68.66516818710953
682 63.95345135212774
683 79.5066457574659
684 76.1430798282118
685 80.85673802841403
686 65.50323112801529
687 89.82971650367374
688 89.1731060350392
689 72.13902900361671
690 72.30697554693477
691 70.27698310261714
692 66.37874921425419
693 86.37227677915752
694 80.3711729289901
695 65.33830296463316
696 91.72214151938881
697 78.619542880823
698 79.5507293443949
699 67.68145263959703
700 69.51158801054184
701 90.33212774699943
702 70.00456179155984
703 70.8494093988619
704 62.71981545317032
705 71.4137271279727
706 101.34069435560977
707 81.16149173570585
708 77.22605763261018
709 72.42961882620921
710 86.37941901816026
711 78.92548272913218
712 78.87016631096223
713 75.02925345454861
714 55.37490914922075
715 72.52662296478442
716 65.24136487304814
717 85.78199219567071
718 90.91853269405289
719 88.20375279250281
720 102.46733315467202
721 83.14266561482361
722 84.40326404427941
723 89.84868066434062
724 87.14321087300719
725 77.31038814091708
726 91.85655975867768
727 81.45550389062868
728 78.3563431455598
729 69.90040313866305
730 83.08512738879242
731 73.66311595375132
732 81.44431542243052
733 76.43451121564982
734 89.79535903944698
735 56.9840593882502
736 98.32967550465169
737 87.39638682062744
738 104.35204526861924
739 100.97670807918665
740 85.82856434868268
741 71.26369761201879
742 93.5235950609991
743 86.42149799631227
744 80.59819033224053
745 82.56549863916172
746 82.72654874941716
747 80.92810013995808
748 82.52811031480391
749 88.30780089692632
750 92.1863032651962
751 70.68012112617963
752 72.64470861392587
753 83.66155931182149
754 94.70276772949575
755 68.1897979496792
756 105.86125613904099
757 86.09920477510347
758 85.36808392111477
759 86.12834610314054
760 96.56978726526971
761 74.8129194064038
762 69.24819205666341
763 99.06846138906417
764 64.93760709237394
765 84.4185605047576
766 90.64047877698161
767 89.14906684251828
768 86.18955455073423
769 93.85947046387024
770 68.49969006508697
771 75.14401008108399
772 92.55281574875464
773 83.31937680779428
774 97.46038866229378
775 86.39478984688988
776 96.6789675161005
777 83.26728496225007
778 73.59726622433897
779 77.8840804213798
780 69.12552505955844
781 85.73347748062514
782 80.7537451570896
783 92.51252915902745
784 79.92400889132416
785 65.48490253261808
786 78.03178669910064
787 89.30311364961082
788 67.6726602129262
789 85.50131023448978
790 86.0462053719757
791 80.81875329729048
792 89.8231783841976
793 79.10041757260424
794 68.8943980867673
795 87.00058266362531
796 81.41657734179225
797 84.33392297530236
798 67.20020114037696
799 92.559697896965
800 75.05703617652875
801 71.60871601432636
802 75.29177886441806
803 87.62383427787987
804 89.60855876829632
805 79.25487377414291
806 90.2147061073754
807 82.82611853989559
808 86.60846041079103
809 67.54758427449663
810 69.1032284685219
811 107.58513005657433
812 75.01356262488558
813 76.26218564560618
814 81.21865771140598
815 79.02901964647084
816 71.47270890945059
817 63.34608925202524
818 91.26729161736476
819 91.6733450022271
820 68.87062304991683
821 90.280357612161
822 91.46303702384515
823 81.32486009422982
824 76.84432968888582
825 81.02963824601872
826 80.12274335134526
827 83.09229932752027
828 70.49547274951534
829 84.75002403654562
830 86.24164191988042
831 79.38274202677147
832 83.33372631336235
833 90.63490960129057
834 87.96145074409398
835 86.04972813626462
836 84.03243447963342
837 72.99097654379656
838 74.92924061500307
839 68.93758178559709
840 99.98119346744647
841 94.21311331960901
842 88.66450681731617
843 75.16903208562793
844 86.23267297175578
845 72.93843277713664
846 68.27319549493768
847 78.99086311914141
848 89.5027580204949
849 97.75247735842919
850 86.03283470508886
851 63.04856877456501
852 89.07402858759298
853 73.70539271227643
854 77.83255569262728
855 85.8677978139982
856 75.19127974367663
857 71.08137583291946
858 77.04892345925533
859 70.10530996390794
860 74.78237554338956
861 81.21471126092248
862 55.11108961479684
863 73.86099732998892
864 76.15228742798314
865 61.240918947751446
866 79.24710872572497
867 67.93419490897948
868 72.23998944726944
869 82.84332314004178
870 87.45810989278722
871 70.91992480106879
872 77.61560571740044
873 84.14880893724869
874 89.12647126823575
875 64.75302858361525
876 81.19153942217447
877 86.06281979701632
878 79.50485440129496
879 70.0230250492471
880 93.93871610999818
881 77.63665581075757
882 73.51199511046406
883 74.53145289879619
884 92.84704441927937
885 63.669729689808435
886 98.16023456257808
887 86.63828910073113
888 62.364695177454884
889 77.41282095927752
890 84.0101428678938
891 70.76591714678295
892 85.6550490855496
893 88.53873972557852
894 88.9777451629345
895 94.97820677867742
896 84.63816985466953
897 85.20482957150674
898 65.17256047597054
899 78.72323817462558
900 77.79965410802632
901 89.23666745284517
902 70.49353992272103
903 71.0138326596713
904 100.9559567127418
905 97.09401736600927
906 85.92089114773697
907 97.12840007849796
908 56.879833050205605
909 70.69080605145466
910 81.98245615855099
911 101.88407316990605
912 91.00458212799916
913 100.70446192069922
914 73.57018550067262
915 93.42458950986915
916 73.49746770866835
917 79.04195254182147
918 90.21916001206749
919 71.22405588346466
920 76.4131946397433
921 74.6894012576399
922 79.3816050912471
923 89.42322334589802
924 85.71336052484297
925 85.07325842519359
926 81.27466805969273
927 58.811071866282404
928 87.1643465140727
929 70.59381521576802
930 84.31182683906331
931 83.57272049320594
932 92.84077606160669
933 76.52447876982309
934 81.83363725479195
935 88.8818671148272
936 73.90594134849324
937 80.57059877855615
938 74.3848207541234
939 73.30460902349873
940 68.91775830168595
941 54.44692647939547
942 73.69529121281228
943 101.90773756733566
944 108.52807089366708
945 106.89512151267516
946 72.1126311016622
947 83.44401007889124
948 76.34975332026006
949 69.12423465285833
950 90.57952875838673
951 89.78898332628097
952 76.52226751100268
953 78.22814718455186
954 83.89363091757268
955 80.99148299303752
956 75.69815517601887
957 79.84283936586156
958 72.89889467889668
959 73.24812086341673
960 70.97259935323613
961 95.84926127916054
962 92.79870116413016
963 71.5143504389356
964 62.58048130298705
965 91.93248196982978
966 75.48435916989857
967 72.45326752719507
968 78.73727199740755
969 67.56051602378395
970 78.70117044637695
971 92.22691189467504
972 80.43235786349047
973 83.32041321649498
974 82.38883623603684
975 92.44268562044681
976 83.34085098016747
977 73.25958820852898
978 85.88001935056938
979 76.7205541387915
980 83.41469408306322
981 85.42072087465063
982 91.70824808973173
983 91.3771394370232
984 112.32017406015143
985 68.76376823026385
986 93.27784304518927
987 71.2495865593351
988 85.59076211359206
989 90.34337277289899
990 77.59157989065037
991 70.91630718104581
992 81.47369206543675
993 80.2306396988254
994 79.59130520385337
995 62.77103635181476
996 86.64345201929041
997 73.39462947796973
998 83.53064239508697
999 64.96011595993723
