0 64.72087947274423
1 72.95662929959609
2 77.00856055239227
3 60.77582511696162
4 58.73109517633137
5 75.39962786322253
6 67.68868455337261
7 57.92526476803642
8 62.203198424564995
9 72.55444356690768
10 77.65622358890359
11 57.11798645548595
12 48.35929686373483
13 54.82678495356847
14 67.89232828971038
15 45.692430705415994
16 47.69858911152509
17 70.54034761893551
18 65.74180252868852
19 74.14188084563791
20 73.04728419623815
21 55.58836282991148
22 46.72501226505105
23 65.28650299632218
24 55.917390859153436
25 55.6820178038211
26 72.94398960941223
27 66.1241762427336
28 71.33650778087662
29 48.2111869254027
30 74.95491790187758
31 59.223260975180175
32 59.17677733355598
33 63.81061888741095
34 68.58655342519938
35 56.662362545403596
36 52.90316004586525
37 57.931422897230185
38 58.024212825009506
39 61.583559990404126
40 61.689998958936094
41 58.25732952296217
42 62.29430815199084
43 55.17507587029685
44 47.20381906710677
45 52.79111159747764
46 58.73717749463773
47 67.00219891095445
48 62.79060506717557
49 53.94753584552412
50 64.53894023651057
51 44.32441363635646
52 62.46244669298102
53 62.75416357831525
54 72.62836275066067
55 68.87979849484977
56 56.163784215232425
57 53.22818178818819
58 63.65162533510025
59 62.055022144442376
60 81.45264180855959
61 52.70418584911165
62 58.976307533673484
63 61.912343625263134
64 53.91224090280385
65 42.82013935347431
66 68.32721583473143
67 53.666288973654105
68 71.27051196432154
69 57.900138337167036
70 46.054716363927874
71 61.82018689000851
72 66.64987196882224
73 61.284002212275134
74 64.04910196269503
75 52.930255314324256
76 67.53107354861125
77 61.72099100216267
78 51.33014858341297
79 56.327520877342515
80 59.17958444693958
81 78.61648476572022
82 66.71048572860249
83 67.11717313965733
84 68.63364518981889
85 51.429612969277876
86 68.83166082285332
87 70.28607249651603
88 72.48600675641723
89 67.84407823570774
90 53.25397392725966
91 68.09196652823395
92 59.120858420505954
93 69.56719543901683
94 70.4602941713091
95 67.51725455619305
96 62.68778637482044
97 56.88672592364571
98 68.01475721401415
99 63.43597657201
100 84.06476091449777
101 61.89941940687967
102 68.08608166530539
103 68.86293930249889
104 54.73150969754757
105 49.94821570947677
106 68.48193581553109
107 73.93571671111667
108 57.4419254649587
109 55.9313049519612
110 45.82590688059666
111 60.30873799653734
112 57.25045793665169
113 49.916359807162564
114 69.60528591233917
115 80.90796606101152
116 65.94122896884583
117 58.27625251126054
118 61.153693643621786
119 52.20556324280781
120 74.93355429685856
121 58.476713059704004
122 61.82025849229123
123 62.4946803339683
124 57.881316068879684
125 68.9166289530055
126 53.76730433624207
127 65.25160072696188
128 74.5143345701898
129 64.90885299683717
130 62.110899822692524
131 60.8946804876203
132 55.42333356695111
133 67.96686343746015
134 57.11199780624627
135 69.51040346382293
136 57.49888530867326
137 71.68701294595644
138 61.62052906102535
139 58.3165950335083
140 64.84423033255929
141 68.89130162230659
142 76.15896491244443
143 60.69908169081791
144 68.0430618200036
145 68.36873766658887
146 48.57184203195151
147 67.54436149663002
148 61.77257940751038
149 63.58371876745982
150 60.302574804980495
151 58.588559342684256
152 65.60716371168542
153 55.667584948234584
154 62.7170460252027
155 72.6139993580415
156 54.16377566031601
157 64.20456599959323
158 57.92836469055434
159 50.42532639068032
160 58.342369609473614
161 59.66473203980614
162 69.41841707867863
163 53.08962676796879
164 74.8589155873349
165 64.5008827260969
166 64.29663181248222
167 52.521257211587105
168 54.11592851948729
169 62.692096087859845
170 71.30759452993286
171 59.24898254015331
172 72.61467331801812
173 61.82613838423333
174 77.70465468091746
175 61.425521835772976
176 53.370446520760886
177 72.135194554592
178 68.33523208725431
179 75.5850149540511
180 69.03293984478708
181 55.35508868648483
182 52.256671261927885
183 63.22319062940184
184 67.57161225546352
185 65.62458438480567
186 58.75476491912866
187 73.18196609794454
188 65.56669474190366
189 59.358770079806526
190 70.78606523010632
191 56.55217148367627
192 65.90774258601549
193 63.05323762573379
194 58.764798325744046
195 73.57434621670303
196 67.86532597641
197 44.253126868140804
198 55.245622111066474
199 65.4025225153244
200 61.56895033389627
201 56.82174959466551
202 74.5892493635653
203 48.29535240679728
204 59.26859908166863
205 70.89257796911552
206 75.66301108867678
207 67.3764707907325
208 67.41134944705536
209 62.53594631831262
210 57.32957309625956
211 64.29543162390786
212 59.65565473981649
213 68.74311985281756
214 66.5804300952539
215 73.83587452586946
216 61.584150697924315
217 58.9449962517157
218 66.64876677352076
219 47.33922303726744
220 58.08538307187322
221 52.44371960319376
222 56.98505459012353
223 60.05634308885968
224 59.44222617609056
225 59.25962485533785
226 37.206090338430926
227 51.54933125722796
228 63.35483742512957
229 59.15711559615397
230 57.814442310297785
231 58.70265380678344
232 55.371049849677846
233 60.01423471886256
234 67.95517846972609
235 60.92074036723153
236 63.682787486576096
237 66.72616960032633
238 58.90295333488883
239 56.470072478647545
240 63.48913837882447
241 39.089439747983434
242 60.252486702966266
243 55.995855457237205
244 71.18334016385505
245 68.38642939477883
246 74.03664461994309
247 54.32363973988587
248 52.55039337373665
249 58.52708969562207
250 72.84446668373322
251 58.90720312130303
252 58.463406586422764
253 57.570889314341194
254 48.30689154209606
255 68.92505843216497
256 50.7425521437297
257 57.10369653059208
258 57.11810489831226
259 53.96592284852948
260 57.55731057176284
261 52.47339250415816
262 70.82806590695874
263 65.22707872798235
264 71.34130526434669
265 72.16852904963717
266 53.70518262111207
267 67.21230939005433
268 49.29915018305185
269 66.5284399284488
270 62.79493493854409
271 50.41356323038921
272 66.57046920763501
273 62.95784054644145
274 68.0530438654638
275 66.68318429593047
276 62.263650505657026
277 78.35482674303938
278 55.53201134897204
279 60.55166322692431
280 67.17906181566367
281 81.29050655336847
282 58.1965423971915
283 47.982769348115404
284 57.06386080929628
285 53.47524936793602
286 70.30758487643196
287 60.08841220487108
288 63.331698282692486
289 58.10915042193357
290 65.90893362058088
291 55.2841333637391
292 48.22689305898321
293 59.99956303129156
294 58.04385813262421
295 58.094849298999655
296 85.00676600780518
297 70.62937002038558
298 72.07501365734619
299 43.20035120119357
300 59.99143945581539
301 66.19328824024409
302 81.04517678324592
303 62.35469293214379
304 66.65053576970207
305 70.7553980153296
306 64.20041716828662
307 73.4230242158811
308 59.96987262145915
309 56.06548603719849
310 52.65253360203493
311 57.482946518401654
312 45.221414644596756
313 63.36190058907996
314 60.512046339732144
315 71.01566042165985
316 74.28709479852441
317 64.85262510489899
318 54.907656461785265
319 64.71073646559329
320 62.56939475498058
321 56.79658722017033
322 53.98080349976173
323 45.746950474480016
324 52.67536590811992
325 63.77775034970627
326 64.51747723730765
327 54.08438352309834
328 57.732472757593214
329 51.75621551044797
330 67.26372492102293
331 64.5672425039029
332 45.957551998430525
333 56.70827409623057
334 53.420352349673635
335 64.47513087140192
336 54.25934692262234
337 60.443356968344126
338 51.04369872001714
339 46.62469037981746
340 71.31587935237313
341 52.33934114100705
342 70.66154554198381
343 67.94525776509181
344 68.35231273440161
345 64.49178449438998
346 56.83054888434196
347 57.21375852621581
348 72.57204544223124
349 67.28291305674612
350 58.46994120290511
351 62.99764913073439
352 54.45317798602329
353 64.18835264962922
354 60.836203557709254
355 61.481567231814054
356 56.12847455697392
357 56.99014574479495
358 60.80573688653469
359 66.26275704038406
360 58.64020279490263
361 63.09286746292963
362 71.84187399670307
363 64.25463957874217
364 55.55927051719964
365 57.13283964168137
366 61.28540563353263
367 57.12083835319257
368 51.83140636199201
369 59.31194934647845
370 67.00569565575908
371 55.948357485325324
372 36.92278140583917
373 60.45487464770627
374 57.22888337942733
375 64.23972861229247
376 50.53607540121747
377 45.073176909697885
378 67.53879834459327
379 64.88574460283577
380 56.05662328662417
381 55.256092834097224
382 45.19009594308738
383 54.986990998146176
384 81.76466880432281
385 58.9766495177977
386 45.46830659993103
387 53.275321115160494
388 51.0482335864484
389 61.71252867496856
390 57.85773031259458
391 72.15100511564887
392 61.75782706681759
393 61.21033958364366
394 59.008906994456495
395 80.63690710413486
396 43.71235783013786
397 74.43430206156373
398 50.45439459237273
399 63.81803917588337
400 64.0992264799957
401 63.95183578737287
402 62.13580076479352
403 59.29311626453417
404 38.81765081987714
405 73.47274025935705
406 62.597193351972685
407 58.82569369042493
408 71.98411127204206
409 60.23838223302311
410 58.55480852113919
411 60.136532374032676
412 63.22651761413673
413 66.02709789744904
414 60.54040279441537
415 59.494614005675274
416 54.30684458654329
417 67.40578891138759
418 62.8131394155355
419 62.7669175011553
420 57.52792201480076
421 63.36532724780662
422 50.280675584699985
423 54.068207572889946
424 80.12003480389903
425 54.1910459072006
426 56.15657684443494
427 72.48928259425591
428 64.63599264814881
429 62.8302639576821
430 51.01968221396423
431 46.768774930422545
432 66.90580411847641
433 60.92214535937631
434 65.78792959409733
435 65.79073999362578
436 66.66938095795675
437 65.85905696764976
438 57.50143681182946
439 55.31209952697322
440 56.02766766311146
441 65.04603859025652
442 64.68915357994628
443 67.63428544498304
444 60.87268370120884
445 86.01307600339184
446 54.83403024746296
447 72.3481129579389
448 64.43669159109365
449 51.551109057358246
450 50.646607757176696
451 82.09712837372302
452 67.20932925661049
453 77.04824168675789
454 63.72209167897567
455 47.77523071771413
456 63.08331997652908
457 65.16226820397056
458 58.763157473298335
459 63.59781105926434
460 49.22372417430156
461 50.417248968500644
462 67.05353413959065
463 68.97737058243908
464 60.88094906825506
465 68.79215126280643
466 56.02155590888663
467 68.06351027207553
468 81.2719125152722
469 62.218711653645855
470 59.00946902819521
471 71.6331818236694
472 71.5656454101365
473 77.76581984319192
474 51.67990229491296
475 54.2012079116486
476 60.837092443103806
477 68.1331236398737
478 48.427396524492856
479 60.96825558596442
480 71.56420627755476
481 70.19746046792926
482 51.39587013185733
483 61.3830483063312
484 52.107883575260175
485 65.28205567735314
486 57.63781460722202
487 52.54575681983947
488 57.6595330162725
489 56.16061915518411
490 57.06677186509574
491 51.335127949778524
492 50.42006005000189
493 50.443243759369594
494 50.39372559979487
495 48.433141114841725
496 45.886512025166354
497 62.32598412700235
498 56.15695836810494
499 71.27852672333354
500 57.20669755079482
501 52.40908243526067
502 52.68995346140578
503 58.73780388111737
504 61.85820520001483
505 53.02316704926336
506 51.80589035405981
507 53.203004977044046
508 48.870873682481
509 89.8012099008476
510 57.077086224807545
511 69.91192878170186
512 51.65637738640253
513 43.35100390129834
514 61.95039726202883
515 63.72327063398433
516 41.4503340615841
517 55.65854938365712
518 67.33703523924035
519 59.08197123041871
520 59.876532490344275
521 59.464692602444394
522 62.34736202701526
523 79.60027225796803
524 52.42117578924109
525 62.57809911003774
526 49.823028181144316
527 74.3798807202464
528 64.55133651906337
529 41.06368912587329
530 50.52722460982304
531 63.60989251003784
532 60.80974359238427
533 56.55956670069662
534 68.99944198782403
535 68.14124930246331
536 69.74711524456619
537 65.20571410295622
538 55.2057119721295
539 79.27999759099782
540 67.02842180264294
541 54.92424898512216
542 62.286148308809935
543 54.10150018014292
544 63.13962566886313
545 64.76348844200028
546 58.56234529409593
547 75.48299363270944
548 49.430762499340695
549 66.82330516939265
550 50.77066306480288
551 55.222917177019525
552 61.063833629495115
553 63.89975028862084
554 61.47801886811577
555 67.08611411803956
556 56.947059017024536
557 59.67177335864158
558 57.99570653919192
559 66.99519957254265
560 55.723026928072294
561 64.84335084818552
562 62.72280605324847
563 52.48066941661563
564 65.31442868066203
565 53.5641606761172
566 62.40150679914716
567 51.80866072580928
568 69.50965001956415
569 64.45964901959664
570 66.77352261230786
571 54.98683291382405
572 56.5380117813462
573 52.25509590412413
574 59.05420248585667
575 73.64345847522151
576 57.583091813248686
577 70.61137346470474
578 59.105265799497225
579 59.31526245123863
580 60.14323345716952
581 69.93572608881904
582 54.842280093034184
583 63.99581057417731
584 52.957603123695094
585 73.09735473905401
586 62.729462055666986
587 59.21810946895033
588 69.0837056120767
589 65.11058810710485
590 57.40479658109369
591 61.770656734638635
592 44.72699201128635
593 60.22429142359434
594 60.348220257901936
595 59.2270397728323
596 53.458173376997905
597 53.26743102498707
598 47.92824628712188
599 72.7050177115013
600 52.26889646437853
601 52.1658979787883
602 51.75770670623647
603 49.6839089048067
604 55.29529046899568
605 53.502920343408356
606 53.424822696948745
607 69.60860798126967
608 57.97498650286877
609 54.39984989723999
610 62.786382293074716
611 64.97655352393626
612 83.27776650006761
613 61.13020916878021
614 79.40102811592114
615 45.73656852170898
616 46.89628321874271
617 58.352332372050014
618 55.3988597901476
619 71.26154379582219
620 48.51960626779586
621 60.09880260649155
622 49.70134447413902
623 61.22801200795677
624 57.99779628221152
625 62.25669164462167
626 66.2573130467668
627 62.700339859529855
628 61.62989218948514
629 53.032773669556256
630 68.84699981430693
631 50.12437358284255
632 66.81245064259653
633 64.46190658747967
634 52.25475667763962
635 80.05225259858624
636 68.93453684584402
637 66.81564259641951
638 79.14180943210884
639 54.35225360957069
640 56.578870681301645
641 57.50801258182556
642 62.57393057379316
643 51.37571202870164
644 52.891006723357705
645 75.75610946686479
646 71.07466437625584
647 44.59742804711363
648 74.69583236226221
649 71.20910926468852
650 65.66899150134822
651 72.43888736821417
652 64.86062572489604
653 67.80338157367638
654 58.33942591685689
655 69.77325029279191
656 58.34224634826826
657 65.74167895551051
658 59.871739855695985
659 62.98726181055842
660 62.605428131844086
661 51.71586804901915
662 51.118087408074146
663 49.78727184447984
664 57.61283102697873
665 51.96527874555294
666 60.00661544883096
667 47.87876825070652
668 67.97545932576973
669 79.80956953418575
670 53.430605706685164
671 49.50590881031986
672 53.31806451498794
673 46.64444747493807
674 76.12804216177967
675 69.53378407216711
676 61.2603201503016
677 60.98905117720367
678 61.19330144868131
679 66.05391234580186
680 67.13657797327141
681 82.7110916579675
682 54.190605776376586
683 61.705424445216956
684 71.75125989180893
685 64.0854994659229
686 56.33951666398069
687 63.06508266254392
688 51.49283645144367
689 70.57739630164289
690 49.58003989506785
691 66.92132958354836
692 56.72952325443599
693 71.97515339785751
694 70.41209520140168
695 57.20926056759756
696 64.60105062272213
697 68.66457543181083
698 62.65116365931068
699 57.89854198655643
700 68.54526184537373
701 41.590017997965845
702 63.14721521786397
703 57.42017876234521
704 62.220157346250886
705 51.0640866418503
706 69.80716806241917
707 67.46374429511722
708 68.59631160558594
709 71.64804658814069
710 64.24305089849994
711 78.26820539327305
712 71.29419862341148
713 56.32636329158697
714 70.0416979475763
715 67.29931767055551
716 63.62239182174595
717 66.28689913150106
718 64.3000786554029
719 50.370464834324224
720 62.6740683311025
721 68.7784624317007
722 56.03983767962778
723 54.004929546802096
724 62.53385557009922
725 59.9104153475785
726 79.27279604291293
727 56.7100027065693
728 60.19625897026001
729 57.34814206485665
730 55.14920573635871
731 75.97932095932983
732 74.86094239631177
733 64.66152218706972
734 67.96779860733017
735 57.094398132252515
736 68.76370581756144
737 58.19752798750058
738 71.33842179767717
739 69.87402921462089
740 76.24347145655604
741 64.75983049279667
742 48.99833261237315
743 64.09324071586923
744 73.5101709548917
745 53.41537553274961
746 81.39766576761897
747 68.69018028637733
748 77.29446242678205
749 50.966526262728046
750 67.39722623763735
751 58.35496848993379
752 49.53253983900031
753 54.20423007022092
754 69.37885691392016
755 63.55435894454808
756 70.14112471026726
757 56.1890576244416
758 62.732994974562146
759 57.43796593649919
760 58.85703615872923
761 60.247999103440854
762 73.79741125212423
763 52.88121713619108
764 67.06237274199891
765 73.11685932133486
766 70.69443932618351
767 64.07340813514074
768 61.8494804640951
769 64.64622625309231
770 58.548023447717014
771 57.931584173455974
772 68.41171703804369
773 70.8274829075937
774 70.61133764449417
775 65.32603114974658
776 60.3010085435322
777 67.30124937424374
778 67.73260020283905
779 62.461401560538164
780 59.777582853072616
781 75.76601428848083
782 70.74629690058465
783 74.25325142174911
784 57.34962120680759
785 64.82820247331435
786 64.41342359405817
787 58.63506605709198
788 55.96577867917118
789 72.55635936584656
790 55.20853765137768
791 61.25658602229994
792 66.08134284512194
793 52.63806379457176
794 58.976624283132175
795 71.25683456955998
796 72.34520972429502
797 60.88547857210121
798 47.999857356524544
799 54.51475823853617
800 58.178956848734806
801 75.33893460238322
802 65.21109327059476
803 74.97868569527385
804 60.85665622723872
805 61.97775905770494
806 66.83450357455737
807 60.50959527620695
808 53.083162064729514
809 50.911781814298614
810 64.29310258856609
811 51.50571742028609
812 66.52055848896144
813 80.10511003066914
814 63.28188050830019
815 71.40711361018754
816 75.35338864125788
817 68.51199687022556
818 64.75839349153085
819 70.39639510256988
820 62.11284215723651
821 73.11642918025186
822 65.7876037113413
823 62.15606250700338
824 51.443088386989366
825 68.32839439935559
826 68.83950546851871
827 63.44913388368079
828 59.46592608667228
829 75.8588110005145
830 69.83343503026349
831 57.78067148498379
832 56.628644651622
833 74.07485918708986
834 66.78330785355946
835 72.81346064284041
836 55.85153694747569
837 65.47239123398128
838 46.44857626360998
839 58.36736177628976
840 71.39847376415115
841 78.63454266740061
842 68.11601860333295
843 51.5861494923827
844 59.167850184086326
845 58.64973804813988
846 53.2845876114003
847 77.53585927212058
848 61.88456609509155
849 53.412787526013545
850 58.17600021491533
851 60.09519419301485
852 65.88268633171131
853 73.65351842954527
854 65.37725796008051
855 67.99091925620927
856 45.13090426641519
857 48.38579968311614
858 65.95947753873064
859 68.61889963844712
860 73.23683041131113
861 53.37090887257411
862 53.57757815813826
863 51.08544500290533
864 73.1480716197284
865 54.551611387643256
866 54.81898916873697
867 55.11786333392545
868 62.049124771782964
869 58.27185411557153
870 59.53542809405027
871 56.7764937852098
872 52.863930091046115
873 65.19231553621154
874 59.29056739384616
875 81.92117142592927
876 45.467082216896145
877 70.51063422543459
878 49.239573495208056
879 67.40913661350208
880 43.158232640185815
881 53.94191024587856
882 64.29335751333123
883 66.64545141418392
884 64.2034315404237
885 62.17403958189021
886 57.137373309187076
887 65.34591131608329
888 62.86277143457895
889 46.42550298336127
890 52.32588549058078
891 79.61657460322724
892 60.12821251187175
893 58.685010613688554
894 44.35223121466184
895 51.55999720288183
896 60.24422238698059
897 63.677468912360226
898 55.88252202231025
899 55.3999372756303
900 54.22962787555481
901 56.91258803202177
902 53.12216771865683
903 50.95435462923813
904 60.79781831574572
905 64.67574730309097
906 56.19032952301704
907 50.00619285750679
908 63.84742167812371
909 53.25122154448587
910 68.81043797539249
911 64.19211065627351
912 46.25362444723801
913 64.58203842644062
914 60.3040535786268
915 58.00970759879985
916 72.24478062755851
917 60.18127512300923
918 66.63885735998116
919 54.28912133712205
920 62.683628568738584
921 54.494594679163946
922 62.39005089968101
923 73.39725438331476
924 70.90380905708237
925 44.01267458703156
926 65.95269555577524
927 49.46848843573666
928 59.39597780533998
929 62.50484968004452
930 71.05694176691212
931 63.03012899826224
932 57.49710111996695
933 47.08038018550272
934 78.04198805681709
935 56.29902975097555
936 58.84677553527022
937 65.61864897633745
938 72.34540337836447
939 61.77716196006733
940 57.23659777245777
941 54.042165301612584
942 63.80370938973058
943 61.70231196693949
944 70.26256857621622
945 58.50123925603852
946 57.88713976601795
947 71.87741588324852
948 60.774857463655124
949 60.31967667276082
950 58.27659375259897
951 60.11265197226868
952 56.69803692200435
953 57.124342985830445
954 60.60655262154182
955 67.24527882263942
956 51.90404222040839
957 86.25130827880032
958 69.46817069714336
959 72.28628363997191
960 43.717920115477575
961 65.90249195055202
962 66.90135757627196
963 61.971531911784076
964 52.74771895777929
965 51.73295253134301
966 56.35537228554432
967 61.70152906641495
968 63.31761934506694
969 55.689896313386164
970 54.19222594061447
971 72.09350791296065
972 68.66850421315351
973 60.12650027361639
974 53.26621695736581
975 58.87484311906772
976 54.35130213779231
977 61.187735808262666
978 47.63465222876277
979 61.32758100695081
980 80.03661735108167
981 57.66814613238971
982 51.349850618746835
983 64.24168163987024
984 62.63388796382093
985 57.00763535310225
986 51.36657174096475
987 67.3946678073808
988 56.139395477735626
989 58.514103428452046
990 74.0213072330986
991 62.34030073461943
992 77.8380647454438
993 60.54914316029032
994 63.34898760733026
995 77.80935794930903
996 59.906829870223675
997 68.6549178807676
998 60.54676895086033
999 63.09969278027499
1000 68.22599616741397
1001 67.55301501858477
1002 70.74881342769918
1003 74.02244636404514
1004 70.20090529920802
1005 58.896916656776156
1006 80.34740319820978
1007 59.422306004187156
1008 51.896813220581386
1009 59.22496857281611
1010 64.59923506792025
1011 48.51451232164031
1012 55.33319008246274
1013 52.41166529174376
1014 74.06785964523367
1015 60.310679783634136
1016 74.89323173245894
1017 80.75235772252455
1018 54.00065037770067
1019 55.14937608398798
1020 62.34680066297745
1021 64.61479324925922
1022 61.56295294939921
1023 65.59462989578562
1024 77.92460439747049
1025 59.217514079995674
1026 59.65088952552265
1027 81.42850744704451
1028 71.32191870771938
1029 66.48978854097402
1030 66.28704881170569
1031 76.24772747379636
1032 55.350251889785724
1033 71.12647807617533
1034 49.07278262313551
1035 63.67080889609073
1036 55.34678238745936
1037 50.89093527038508
1038 57.18790618903148
1039 62.93760499678179
1040 62.499235111791414
1041 62.42875395129077
1042 65.50999808421288
1043 58.690798703410316
1044 58.06955187190815
1045 57.60948758622693
1046 66.84265865982891
1047 78.07092339343919
1048 54.78607232750422
1049 67.31753883279882
1050 64.11654622958997
1051 62.135584380392565
1052 48.91667199484064
1053 66.58727756522578
1054 61.810685360865456
1055 60.76385542394543
1056 50.90498260607185
1057 48.61197472288914
1058 52.79093926125827
1059 67.26306405885677
1060 56.666424464126855
1061 58.780949655041084
1062 52.87180139693919
1063 57.17415578679395
1064 55.98793879264363
1065 71.91053556986566
1066 65.68968279745955
1067 52.6279747466932
1068 58.33353105733366
1069 64.51541140008983
1070 59.92272072840726
1071 63.19063227729825
1072 66.26031068883987
1073 66.7182676126139
1074 65.45257993203835
1075 63.983758286311655
1076 54.844147425123715
1077 50.378278063596554
1078 74.23102153384696
1079 74.94525733937077
1080 63.10665718490584
1081 59.747537659965076
1082 68.94214806864095
1083 70.25478966789103
1084 72.2785687740906
1085 52.79379890868782
1086 68.63413494803123
1087 57.611222341145414
1088 62.41370226146913
1089 56.23131663696649
1090 58.02105399911722
1091 58.9080217431117
1092 67.25773652932524
1093 61.67742240064891
1094 64.1133485267967
1095 65.07012454594458
1096 59.291083173061104
1097 55.802941989822436
1098 74.50409009969803
1099 48.84527033887026
1100 55.19859746256992
1101 60.92566701002787
1102 65.51939416370904
1103 69.87629812206859
1104 61.2755162508165
1105 39.80838215326298
1106 83.56038528537913
1107 64.58946156121247
1108 69.27925165511772
1109 73.3069884577762
1110 72.02964708669762
1111 65.3032963189667
1112 65.23605237709882
1113 67.09385550617505
1114 70.46013297936894
1115 72.45505364256167
1116 75.43550195299768
1117 60.48701693798967
1118 75.10553224919911
1119 80.8793765512867
1120 67.50151434005915
1121 74.36325976910193
1122 62.10401497881976
1123 57.005632853554545
1124 74.14125665133544
1125 65.82952255855355
1126 76.67599777396843
1127 68.79923055719722
1128 79.16068456483475
1129 78.35345543017264
1130 52.38569669755798
1131 77.99694729811621
1132 83.03579093007532
1133 63.771970495546235
1134 67.90099248137454
1135 44.673440481777625
1136 63.010348556027196
1137 69.34787764819151
1138 66.93472569536196
1139 59.72511214997558
1140 74.8115866031089
1141 70.17561808546427
1142 52.34654273321747
1143 80.08844607138614
1144 64.6067465309848
1145 79.51067316279436
1146 64.52977496631767
1147 55.285952248351855
1148 68.02685780154688
1149 56.90124006680304
1150 71.44080115320081
1151 55.56852621180951
1152 63.46435509728021
1153 60.09497526490935
1154 63.67032853825949
1155 58.05353068234061
1156 81.4744578290754
1157 65.41501477068995
1158 66.96062488998517
1159 68.83889129903126
1160 71.63185021280275
1161 63.57141137537223
1162 56.55631203147065
1163 58.786561271895124
1164 72.05903601425987
1165 61.97859684969096
1166 38.854182704270514
1167 68.7207808087162
1168 60.945468355582385
1169 49.30121449382751
1170 61.67458736748078
1171 55.73683020360408
1172 44.322701824280436
1173 49.928431408039366
1174 87.97265739637831
1175 63.33120387889502
1176 65.5903953661925
1177 75.63401297817279
1178 42.7410384581352
1179 60.86672730702834
1180 66.06404277811646
1181 83.63954922753003
1182 47.8033186897133
1183 66.03341215249931
1184 60.017610960585564
1185 62.225946108139176
1186 62.18277744430793
1187 59.09671426838956
1188 69.23215896437307
1189 64.00805431072342
1190 56.87451292254813
1191 68.26347207166326
1192 56.700611893780476
1193 69.55750189771776
1194 71.39103889721693
1195 69.31750170289737
1196 55.91729659267958
1197 59.055431889187034
1198 55.991310408213735
1199 63.80903448147857
1200 75.9138700355769
1201 69.47927102510431
1202 59.569703011765945
1203 59.09897637489355
1204 41.76788029614289
1205 63.436041650932594
1206 59.306658066076466
1207 59.33246641260893
1208 60.81103211294003
1209 64.68083008119724
1210 55.017672888196735
1211 51.26805988781673
1212 63.688140625287765
1213 52.87418252246583
1214 68.06960101522391
1215 49.57402855350378
1216 72.80339079637889
1217 55.018851187360546
1218 73.83441393749023
1219 59.74292567841936
1220 61.23672061525678
1221 52.66312126158464
1222 56.72081877767202
1223 52.07372661948902
1224 59.20334487683343
1225 66.03881987703711
1226 49.58167451221086
1227 48.25806440656536
1228 69.02712554905347
1229 65.68826269573198
1230 73.53306355756045
1231 77.46661904133323
1232 59.96112982776829
1233 67.72208598256137
1234 60.478009261966136
1235 53.47865849417361
1236 57.189128320695104
1237 59.5611101275207
1238 60.53471688903494
1239 59.3158352825855
1240 73.95920850844605
1241 66.34458463972992
1242 56.91463427589878
1243 56.37420640214719
1244 64.19929199163565
1245 59.05826251737263
1246 69.2073485219258
1247 50.6729126260321
1248 46.13963501533566
1249 69.49250117542259
