0 119.08233576316884
1 119.03232101527212
2 96.57788799611914
3 109.43377507431802
4 108.22712406425309
5 119.34961360069705
6 99.05428298137765
7 109.5865568993631
8 94.22147143725931
9 113.24680993109793
10 107.42716533925112
11 108.52483570454879
12 98.35150587153532
13 113.51229569518676
14 102.05630073347996
15 114.66031566260963
16 122.54064855865823
17 97.63994773191199
18 105.24711903483653
19 90.0292599858411
20 106.8906211969028
21 96.8026213063647
22 85.92674516701514
23 105.7748503827159
24 111.36745567820357
25 106.00311162722886
26 108.54010857562776
27 111.31088957957175
28 89.58902155324192
29 106.98060831987867
30 111.78688826474294
31 106.90139713777512
32 96.2966588574919
33 110.68540217043466
34 121.88441343310815
35 82.49039531815494
36 113.91554018610597
37 106.58272142372232
38 109.54535590593862
39 112.5557693480137
40 107.7523043113956
41 115.79966401325585
42 104.82010379850199
43 101.17959132337215
44 125.92074001022698
45 108.30553679483494
46 114.94531115812082
47 91.03635683925184
48 94.563761046754
49 99.4650454712086
50 115.22979808696071
51 107.80562299533048
52 110.47810053075193
53 118.53415823942848
54 92.38004176443626
55 111.4843619228971
56 99.04930949170937
57 93.69983885593659
58 107.63198339291182
59 101.89720914625516
60 102.22584017132124
61 97.96206565382056
62 85.90776809013724
63 97.6731837450292
64 94.83665018985447
65 117.73837386510482
66 105.24653907426413
67 90.16819528510872
68 96.8649972288051
69 110.12681054844647
70 122.68496751607663
71 103.76150465718877
72 115.79458585008905
73 112.47495468870655
74 89.7689581537152
75 118.82917676251857
76 106.71519595741914
77 102.63415582312325
78 116.50069904621289
79 116.88307481073706
80 88.69639116736374
81 95.22610463964408
82 94.16619598918952
83 100.80298269789832
84 101.92116720601088
85 96.59864513573473
86 102.13683718973604
87 98.60221854541552
88 125.60545580609445
89 84.32994348367389
90 93.0914985444309
91 135.45833391155344
92 94.14311172121413
93 129.36002003172658
94 115.3927735439813
95 114.90346221863727
96 116.81326747543162
97 119.83183942597543
98 98.57027191356487
99 125.96899850831521
100 105.51485555120817
101 99.4638267472833
102 113.79484299034317
103 110.89745918412102
104 107.97880337915755
105 98.99531942068393
106 111.0244014076677
107 105.78686031514556
108 109.5301680910714
109 100.86626776747583
110 104.71135348045354
111 93.39832516751535
112 116.50521383562588
113 98.483785346377
114 109.83488407443535
115 98.21753655707109
116 118.31586804434596
117 119.73854594481195
118 115.13595207762319
119 91.21150931489734
120 109.03817583610633
121 118.01643127932617
122 107.09629274422561
123 103.59539382942738
124 96.12819075258017
125 121.90504831743019
126 120.17924801567415
127 109.62847511631314
128 117.79934991369414
129 122.57898593707114
130 100.9828385774555
131 115.59348193057139
132 102.73775219138503
133 132.22352939753978
134 104.4048450740183
135 125.88394129019132
136 98.59421683768747
137 118.85098433754095
138 113.30474292645992
139 132.97579496773812
140 102.21901516126812
141 93.0188766517456
142 104.53103944530886
143 121.2664874648884
144 119.66157971204454
145 99.39585690575345
146 92.99065378250475
147 106.41335267882761
148 107.11830498368381
149 118.42509238496629
150 96.23568651357101
151 101.36827942113396
152 80.87819700254283
153 125.25244946860575
154 98.39169760581923
155 104.13478865594762
156 101.25802879332174
157 98.74544691984428
158 86.17133908584225
159 120.5995438205214
160 119.93512572696773
161 118.8637674750761
162 133.57978175278663
163 111.81285787202037
164 105.23345971017541
165 97.81998019151804
166 112.64316775629005
167 120.32386998537304
168 102.73266298913784
169 116.75850012580054
170 121.71134829201236
171 120.35018033465873
172 118.67273731215033
173 120.37045196259945
174 113.2842624902414
175 103.90215419283687
176 123.03268255193328
177 121.90510290371714
178 110.07776351094599
179 116.01807479854908
180 125.5006760395054
181 106.78071261948487
182 116.30815635639937
183 81.54913271809184
184 109.9863541193336
185 116.64258354912664
186 103.98794394793302
187 126.36120686208365
188 111.40030890791607
189 93.4647037481958
190 127.48537953220512
191 100.08103881413872
192 94.87646701665682
193 111.08063959641396
194 99.16398376488405
195 88.1876747769476
196 90.89400490658711
197 116.45917055290035
198 79.40138825772293
199 110.89278574564338
200 88.36334102743491
201 104.8490435626444
202 113.62356233984194
203 100.85933854559906
204 107.84963184559808
205 115.28506646459243
206 102.68398567702432
207 110.42967129308535
208 88.90974045180648
209 97.89326121081629
210 115.13672191422748
211 107.20141100692773
212 111.35501984868338
213 106.56727992350557
214 115.3441381771059
215 95.79546880091343
216 89.13888107183998
217 111.2381035059379
218 87.81430734289587
219 94.13632964484292
220 94.21388947742697
221 97.85582114632574
222 98.99827603124388
223 84.9954069247654
224 107.59242810912689
225 103.63789428858578
226 106.81241784472553
227 94.60089928399341
228 93.59686718680402
229 95.52296023511329
230 82.08456166887764
231 123.94146753022271
232 115.33453582759611
233 108.37494096561186
234 104.50537811496187
235 86.63655699516276
236 104.46907879227352
237 103.25246320810912
238 117.95606663306195
239 114.7287973865977
240 111.21788963926967
241 117.06864368948018
242 103.44459667569517
243 111.25474803218289
244 87.97393308930191
245 103.59618800537281
246 109.26961881870713
247 91.48023727805632
248 104.03856670974244
249 97.42477449883823
250 95.51721929519542
251 91.91944144885848
252 100.50636413135574
253 107.5810416771063
254 98.40125166759904
255 101.74120119105402
256 105.02112941756761
257 101.15132075433608
258 109.89940108942535
259 120.49678232513753
260 101.81958859318505
261 115.65335773062561
262 103.37688089127154
263 111.82213264091172
264 91.11867135323658
265 114.34370271627387
266 100.18771603313684
267 103.68777934386898
268 105.90684476651562
269 104.11062879280699
270 91.05795983946437
271 98.68063975902137
272 111.28201915210063
273 111.50781005088983
274 117.15678765233353
275 102.47191199280525
276 114.70485268608412
277 118.05282037476138
278 115.99991685820359
279 118.37257061868264
280 104.9269141237723
281 100.17360126792019
282 106.60408282819995
283 120.73012610358204
284 100.80105066349633
285 97.79749986038162
286 106.85365370974864
287 98.74969663912125
288 123.7054258946847
289 107.67614631048104
290 105.63975019167468
291 98.56960136297
292 123.28411635286349
293 98.45334805390019
294 123.2403849825438
295 111.7521595639865
296 113.52040981789884
297 109.66542333452838
298 93.27456022330878
299 99.18718347277922
300 96.87303597678486
301 89.55744745312815
302 100.8092992779169
303 105.47746710957094
304 99.16698884316497
305 101.72091388606783
306 117.62268975321277
307 105.23895509654562
308 115.29363096904054
309 115.21878044629686
310 117.39566800127193
311 104.20081475782584
312 99.72707263922301
313 117.63549414372798
314 116.85038133028465
315 104.15755309326212
316 85.41394512868472
317 121.9785424897274
318 108.60108496142205
319 118.31811680013317
320 109.17990179334744
321 120.38066356192367
322 108.07211437523394
323 110.6880349305317
324 114.77495542178254
325 91.96023553402115
326 96.58351902115541
327 131.2420787966189
328 109.52722587369287
329 101.3265114065073
330 105.65646256340625
331 112.27385108756114
332 99.96074937111227
333 105.74757290554263
334 116.26389276606147
335 107.5799888070584
336 117.9884594702048
337 94.31015531871446
338 91.53060185618092
339 107.63708189789571
340 101.82254960825595
341 114.27518322801517
342 109.19033734312853
343 64.50800546807379
344 106.70792088386548
345 99.96778782684873
346 103.76022343626042
347 101.74243183936728
348 103.16937354897333
349 115.4983205677067
350 115.06716382262178
351 102.63553787439105
352 104.9101667289001
353 94.95047801190334
354 116.07905805679118
355 102.22819081221647
356 98.53552400910885
357 125.61332501986642
358 120.61710682044452
359 108.53380764322786
360 114.29977634638132
361 103.52896327391346
362 114.6380637479886
363 102.04516644757254
364 100.89979881952394
365 89.01692270150674
366 129.52337273494513
367 106.76916880297198
368 92.38715866405668
369 115.87021191195835
370 122.26082103593313
371 116.11407775785918
372 94.83920398026986
373 111.07805336736224
374 112.0094035560518
375 112.13334353087282
376 113.69232240331769
377 100.79433459692123
378 104.7588323702574
379 102.16295252625068
380 116.8585459564521
381 115.48367799539987
382 107.66745417966264
383 80.5211734615223
384 117.51606745293108
385 119.63471581385642
386 102.06001300617213
387 111.41372593633854
388 119.12591461788229
389 113.66989315975898
390 93.06623595660254
391 122.06500750292086
392 126.71771856893183
393 100.25901602485004
394 100.3688266300168
395 111.90670994041845
396 106.8881602281259
397 112.4748368102286
398 106.03565301226884
399 112.33099612097546
400 74.97671008414846
401 112.55670253194586
402 109.35197455598191
403 111.69835811268635
404 129.17175915516606
405 102.73457300423286
406 133.35711865689524
407 98.24058150384225
408 105.26313734568907
409 111.73076857762841
410 124.42637835446295
411 91.28304603616563
412 94.50781210328358
413 97.01290775464182
414 119.27053961918008
415 113.98854711175484
416 115.73023358654162
417 124.95030092558883
418 89.86615481490762
419 106.4448549010049
420 115.89628405529538
421 100.2379655375474
422 92.20435820950495
423 115.882274249449
424 112.1944227335751
425 114.51235541620052
426 109.33096675620996
427 113.06623162587064
428 105.31165864038296
429 96.54785666125886
430 111.1884667866096
431 103.68755251373015
432 89.09004835306519
433 122.2282751083193
434 110.798026831053
435 102.71273170432082
436 101.97459286724178
437 110.54028187234239
438 103.24721145512754
439 110.78862939511173
440 110.79682590395018
441 107.05132374279255
442 119.91163461455965
443 117.23567273892503
444 109.54067866778175
445 120.39936641717102
446 115.31291735715367
447 130.0050556670618
448 112.68518412536021
449 111.87999290774911
450 117.38078155002262
451 106.5776750145974
452 109.60926171560408
453 113.30088645211508
454 105.87176141137587
455 101.45263943932416
456 107.69763083693692
457 100.43969650860598
458 116.96190561810772
459 113.74363786690179
460 95.47390134575392
461 115.89799207019426
462 109.6471513253671
463 124.39743434250673
464 111.2485262819519
465 91.39372496412622
466 90.7290095964911
467 100.17192172388647
468 120.75544796921432
469 113.374180928398
470 101.51036688504244
471 112.41630391428306
472 117.31716011922526
473 91.2726329988413
474 119.58094324447741
475 106.10830994384956
476 114.45789246119294
477 76.01976119494128
478 137.098591005267
479 121.14015133103464
480 90.53378668714902
481 110.6010310631417
482 123.92147717104466
483 97.55242492333647
484 116.35504697193349
485 111.22180096643272
486 112.47171774272495
487 106.37712052235565
488 125.2202567735186
489 107.78465663199785
490 94.8526614806831
491 108.41926327980951
492 89.91628360330135
493 109.9302228574298
494 99.5011365406418
495 127.11736401578744
496 126.94240264204393
497 114.98708701208687
498 110.14615713499602
499 108.1959272769693
500 104.20901654199629
501 105.06675878085312
502 118.78160927004654
503 104.32053953697586
504 130.1511682397581
505 104.43885518472808
506 110.29509223312945
507 117.90374954222612
508 87.27142149330531
509 106.35016692087503
510 95.39565420056556
511 110.5499552976346
512 115.35606526589089
513 99.71943798190505
514 99.16673472551314
515 140.63845173042193
516 100.7903422797893
517 118.25787657205252
518 93.11003239502178
519 132.05512154134263
520 90.58809177857823
521 127.86751445885803
522 113.203341349202
523 90.886138164323
524 103.80483154650382
525 111.15495451247372
526 116.59842665953094
527 102.51370082089743
528 119.59881454080984
529 92.23201667246376
530 102.97907793748708
531 98.02719309694965
532 103.5470685065948
533 85.93614685092744
534 109.63254777466437
535 76.0698041811928
536 89.05799798469016
537 129.4839482574189
538 111.83198574562223
539 101.06390187742034
540 79.6617024306219
541 99.70772492793111
542 98.58357790537846
543 70.15332679859434
544 101.10765135576928
545 88.05651221004213
546 109.69004408276464
547 109.09169644547849
548 113.32661570831485
549 95.02081537153143
550 110.50157474965044
551 99.93350710389727
552 130.89922092368843
553 106.88840569896765
554 106.95804259467268
555 106.00072456013449
556 81.46519524144767
557 126.72344872075819
558 85.4382729108939
559 106.53923665222064
560 103.45754942850077
561 116.02517143729526
562 102.39991009584875
563 110.39208733414273
564 89.01482256265659
565 75.34783415690156
566 107.50971093907131
567 115.49184570742008
568 117.05771378504804
569 79.95152702127749
570 101.56587201035788
571 94.33294816285319
572 101.66561186950801
573 99.23442855497107
574 81.61527254151167
575 113.24031559809872
576 88.0719303884112
577 100.75821285990455
578 94.12379262212708
579 107.72656635524169
580 98.23472104961277
581 107.52629693732209
582 109.43355466689277
583 128.74783952402834
584 112.05405328258632
585 105.67437210063622
586 112.28879569161441
587 107.33870375130422
588 94.06329164729004
589 107.15671200207564
590 111.7503583977245
591 88.56306055359836
592 110.74563798125968
593 93.18898796361452
594 132.48848918902604
595 112.32362848530828
596 104.74715992921647
597 110.95655125849837
598 112.70515587448129
599 122.33870033558404
600 123.20543680786515
601 114.5931731993798
602 112.31064654025886
603 107.10719872098821
604 127.53384563556082
605 102.91743150796101
606 105.2341851641394
607 115.1273234271941
608 107.22813196403683
609 104.069265631039
610 119.43587787310264
611 109.29491001779105
612 103.69994779173035
613 122.020959235368
614 107.93563044101083
615 113.45658554080673
616 108.73249323149119
617 98.1156983118816
618 102.5935962821475
619 108.70973091314188
620 99.54289139963278
621 117.19360605625518
622 99.77679659928168
623 116.33324372836044
624 127.43920991647057
625 120.66017763126769
626 107.64307052221048
627 117.70540065553917
628 78.83539535462651
629 86.28774366168905
630 100.70358298222936
631 108.80895358656679
632 120.95399544623541
633 103.17229905466904
634 103.15337758146161
635 77.95113168599141
636 123.64660199139229
637 112.81431040439584
638 135.26152621386467
639 115.61738147837023
640 100.62983303269377
641 114.45399925876747
642 98.65244018056305
643 106.392226996894
644 112.46509136006108
645 117.69259841593649
646 127.14466802337789
647 101.39815618916255
648 92.92428111755277
649 124.1944608522372
650 106.89284285445113
651 120.33838509161943
652 134.4887809274458
653 103.06578444436086
654 100.8548119298847
655 105.7670518559815
656 101.96209811139926
657 112.46523717286952
658 102.31080650375414
659 115.75414004319063
660 107.35362982295995
661 103.52850847620516
662 113.3327725954702
663 127.61357428150451
664 126.91329956255554
665 117.08971542679838
666 96.47381042791936
667 117.35101214886473
668 110.70810805320968
669 116.78570201195546
670 97.47670437964914
671 108.57224770048428
672 108.3466926575616
673 125.65235524139128
674 103.92387179017126
675 118.97745860335844
676 115.62946150615669
677 111.34963858850337
678 135.4627266898948
679 98.13068121880532
680 111.57486293074403
681 95.25924939469655
682 114.50079037743595
683 133.49590510499795
684 106.95707100842651
685 99.1715359946372
686 122.03529529431796
687 113.64601911217291
688 111.2557272810284
689 111.17777583389542
690 97.84586332792583
691 102.83698319948742
692 101.59292035618455
693 103.37555744556852
694 106.74137913255575
695 106.56669547799865
696 96.53841321533116
697 93.5381774486357
698 101.95030211990446
699 110.39901783695935
700 106.33463741491953
701 126.15753372007549
702 95.6089859280112
703 109.55346203735022
704 102.30534798605258
705 104.0907794488898
706 91.29863175182928
707 103.97964977691302
708 112.402961507934
709 130.66552391726154
710 108.29374531479569
711 96.88338019496278
712 110.2272667659127
713 86.82502861935379
714 108.12000293856264
715 101.55972864826965
716 97.74565882740707
717 113.28611129475522
718 115.45087660444395
719 120.98554103824995
720 111.88920420770005
721 95.56149131314906
722 111.44802209765267
723 99.67660907012664
724 109.11594288115361
725 98.21302901406668
726 102.9273246870224
727 116.02906791072155
728 111.55726854509801
729 104.58490003360917
730 132.6506243353426
731 104.11837832338618
732 108.85027550067555
733 107.23139097044319
734 113.22810425605458
735 104.96490879060185
736 97.98924165138084
737 106.7041397600449
738 108.14461314954968
739 85.28577186914475
740 83.22304934833745
741 83.38610548062364
742 100.97122889074515
743 113.88197609745356
744 101.8664427542405
745 131.6514424204679
746 114.09544819506937
747 115.54924007808363
748 92.9938533740425
749 91.47648818930037
750 97.32586876715955
751 99.63223323427596
752 119.8625333819387
753 113.98709424293148
754 97.75565346196778
755 90.67314984922784
756 103.04868816535789
757 118.02812205976308
758 101.3524234362809
759 100.97663500018514
760 101.42235029971269
761 102.96205834050068
762 129.89107777047718
763 116.72290254097317
764 120.77379669630153
765 99.36648982603874
766 106.79286903616789
767 118.69218943067189
768 121.69534262292476
769 90.69989645979315
770 123.38430955680667
771 130.11649283447323
772 118.30251686192844
773 94.16960723388485
774 117.66119930056372
775 128.13611927947713
776 99.7588349259046
777 105.99097285049005
778 121.49370913242052
779 121.00959913666078
780 119.39378023323793
781 105.59523158675896
782 127.75967073567969
783 125.44566050013938
784 99.58669909737118
785 123.04640834044602
786 95.86910445898799
787 105.65734764608662
788 121.33235968595507
789 128.5220972439246
790 99.52974456735919
791 81.96032588082514
792 103.05194803484707
793 99.57005453883767
794 105.9657813182674
795 130.5948773112251
796 105.83922800896028
797 115.3871856996557
798 85.21935683298226
799 111.70256307636444
800 104.6436989328869
801 98.11821154633843
802 94.94871349728365
803 127.0042684088208
804 106.77815304270449
805 117.10822761972568
806 108.65221849921939
807 112.9958445276724
808 106.40740143429922
809 121.47864030756628
810 84.79672629284246
811 121.03765535210538
812 103.39182369921434
813 115.23297244280445
814 98.8402844673154
815 114.27141073559281
816 111.24988351397292
817 93.14140740945824
818 100.21460425525082
819 108.9711311695627
820 102.68860057156814
821 127.07484512867858
822 91.21204314164476
823 100.22262368826573
824 116.31253429120513
825 120.4865516649801
826 101.43475765230302
827 146.49371355334932
828 101.27390686360756
829 119.21266881593816
830 77.05188986243232
831 81.4690185428767
832 118.04071064138664
833 125.18686868442806
834 121.88014119231227
835 109.51050594283865
836 106.0068492899969
837 120.99242617957185
838 119.32482690178507
839 115.60694381440543
840 115.49113355663414
841 102.13433267241996
842 92.90847541377298
843 104.8141651754471
844 114.0086218314691
845 119.93383950745844
846 106.6728531902152
847 92.03616009264033
848 92.28754902142832
849 103.12885344270912
850 126.64145618539102
851 118.77409276589971
852 113.26305330421516
853 109.88081916836481
854 105.46388005684123
855 98.19802745806125
856 111.11260660711527
857 98.29892481320523
858 116.93739457088962
859 110.25411718232097
860 97.72497115137624
861 120.18669265693035
862 107.9788492430501
863 96.56068697361087
864 94.90438952969522
865 97.9965169190499
866 124.81768175314181
867 114.23657450776378
868 123.32292410131353
869 96.90331164255699
870 102.0161882395974
871 118.18804390728599
872 91.37599974593738
873 120.65658555764159
874 114.34914870473169
875 108.0083613129606
876 105.28888307812088
877 112.56647153109762
878 99.0388183042954
879 111.90862273192482
880 117.57059742822594
881 115.51992044296101
882 83.85685856372477
883 97.12370470736626
884 105.06222578562466
885 134.39034468393024
886 102.82962316660144
887 113.40564447073838
888 113.797277102761
889 119.44535132670998
890 122.18563425431388
891 109.57964001275612
892 113.87316534857374
893 113.29851241310877
894 95.59242888257751
895 106.52016110003615
896 107.63679927711999
897 113.10267815034969
898 115.3254892309185
899 108.44768722121007
900 118.99999956675723
901 97.77789361607178
902 105.14074694643483
903 106.79935941159077
904 112.31423332037878
905 107.79944779069683
906 88.86235456309588
907 116.77013463683133
908 103.73820483596346
909 124.42175286766917
910 110.10562688279063
911 103.03110011292648
912 99.12059071269238
913 112.50125129477992
914 116.19071585140073
915 74.46419112330545
916 99.50829721088763
917 97.42110678902557
918 115.85909053597878
919 97.84818265861534
920 111.80351020025282
921 76.37702286350769
922 89.6707621590476
923 112.9479887216365
924 93.59178460740357
925 100.16515517247254
926 99.7503232151385
927 93.36377299053447
928 91.67290928019952
929 103.70283887882773
930 96.43402071202023
931 124.48694137541585
932 116.1997402082529
933 91.67552997147439
934 86.35357202729142
935 90.13267085385274
936 104.44760673886748
937 110.24924332266828
938 102.57694156343453
939 88.80134992140243
940 96.69761381887537
941 92.03664838950561
942 99.10213679168369
943 103.60899847641244
944 92.24579000584673
945 116.7471728752473
946 112.11625963334106
947 93.04084412033306
948 96.989935602895
949 109.565600474982
950 98.49394181100155
951 81.75309490740426
952 106.2963691806074
953 101.38851429347521
954 106.99530244974179
955 110.45823929931518
956 103.56681415164468
957 78.26737526309583
958 108.17382149778057
959 103.45951028479156
960 106.91279929209851
961 108.98669969037681
962 104.6049212765146
963 91.94331345290787
964 89.25631679729867
965 99.93506788379692
966 111.45699789895183
967 126.58404757956787
968 110.11391726377009
969 108.83080546462428
970 115.32146594257026
971 132.26631447394394
972 110.4364441182663
973 108.52885584994388
974 94.41076912201473
975 87.55927804868635
976 123.53326410242194
977 86.15295652555713
978 106.15105198016029
979 112.36418593218808
980 129.3383533053041
981 93.6641645514741
982 125.94149002005828
983 114.08441192664559
984 132.99714328531894
985 113.73742724518347
986 119.75359560392361
987 98.0720442588055
988 91.24959699186283
989 104.07604033383369
990 97.67012648273189
991 122.07263383751668
992 103.15058535906999
993 107.76629763607144
994 127.8666040247702
995 119.08338645886667
996 129.21816841904894
997 73.71575167211135
998 127.46983824124138
999 95.68676870810839
1000 111.89755356334692
1001 127.50145143789477
1002 88.48534860237193
1003 111.80458035662767
1004 106.64110944072871
1005 120.84116072238912
1006 97.06225321701558
1007 99.60916267538036
1008 108.94277115750849
1009 108.3683362488676
1010 118.90231091450062
1011 80.80728426502519
1012 124.56478912732793
1013 98.45460341378609
1014 104.45237857239167
1015 107.73413440896971
1016 113.63817485634738
1017 88.87669058393197
1018 119.03028802886355
1019 110.9391795637858
1020 95.34519032156756
1021 103.60303620349191
1022 117.50338144499963
1023 112.85019454028951
1024 123.03247357314216
1025 109.65132513446268
1026 113.32607759491319
1027 77.49680138276915
1028 116.71252070329626
1029 113.6281489090738
1030 103.79281932919038
1031 104.62149425970098
1032 106.25543540011665
1033 111.16750528248038
1034 123.85711507758867
1035 114.9499880251443
1036 104.7647533698915
1037 125.61577262378066
1038 104.41896669486101
1039 98.62705749700571
1040 92.82823803602543
1041 122.75008070795133
1042 109.19187315783803
1043 98.80002644259689
1044 104.15263211716383
1045 115.15757783288574
1046 106.78021194596053
1047 117.87509848472628
1048 106.58670877402866
1049 123.17896624783491
1050 101.02912662031893
1051 94.42123959592175
1052 105.61904010366331
1053 105.25749842490005
1054 104.76104989928236
1055 108.32399295658604
1056 85.54737775315522
1057 96.00324583376982
1058 106.71489661433463
1059 103.88626735309373
1060 111.40042106123302
1061 98.14107453275507
1062 106.11502665115724
1063 92.29407774058487
1064 96.5496126291385
1065 98.56513366869459
1066 86.09405585127082
1067 93.75248567264417
1068 96.54840995907821
1069 99.76368837247215
1070 100.15041661191596
1071 103.55545723691411
1072 110.5451344859147
1073 107.34708226473383
1074 118.66311759518592
1075 113.83722948197531
1076 104.66171071116874
1077 108.40263350556587
1078 118.97526912281631
1079 107.91010389127872
1080 97.36747410364008
1081 107.71083417108733
1082 110.83313570294935
1083 112.03112950705184
1084 134.8034849217443
1085 85.71465451598714
1086 123.8664352130263
1087 111.07684795578402
1088 95.6347834330439
1089 117.62185350341571
1090 90.17231218689074
1091 108.31440644525969
1092 116.57571180562665
1093 114.80051503474401
1094 96.19515871222819
1095 94.77865979775203
1096 90.1638240684722
1097 94.67026788130153
1098 108.87338356533085
1099 112.29778133856786
1100 117.58952319870704
1101 117.77036130229124
1102 89.57487836755598
1103 105.40449925030968
1104 96.93345793433922
1105 99.42283696269696
1106 109.606269940112
1107 93.62667164124505
1108 123.51326523359558
1109 126.1895524903975
1110 113.63023382808655
1111 125.87769388988505
1112 96.29236963006218
1113 102.26394736338163
1114 116.31267999572276
1115 105.8011222698194
1116 105.54389326673011
1117 109.7261825030758
1118 101.38750494773693
1119 117.16871892960977
1120 105.64757367325745
1121 106.37510143793888
1122 125.2739863062194
1123 124.88341692381675
1124 103.32146563400296
1125 109.51805227963126
1126 117.21730754434965
1127 99.33903335241703
1128 96.81652031928792
1129 97.49769132723821
1130 113.27450978605253
1131 114.06432919580121
1132 103.19602897753285
1133 117.91198129527325
1134 128.90702012508217
1135 119.68331804992623
1136 111.79572442960598
1137 110.30895834761426
1138 110.02773643792374
1139 107.99764548539142
1140 99.25851174016373
1141 116.76951484212441
1142 112.9147725901914
1143 118.35139915631974
1144 111.53105751651272
1145 105.11376271113039
1146 109.06115329682372
1147 120.61214127968373
1148 111.60345059740456
1149 100.58237787665612
1150 104.20016587443692
1151 97.79747046143227
1152 115.17863197733728
1153 121.9657499077561
1154 91.09330248393464
1155 110.28466144184793
1156 107.82004586653464
1157 103.28418571596924
1158 105.514673951067
1159 124.78481396148318
1160 105.96698811521604
1161 117.91232943595324
1162 101.68385231061814
1163 122.24468116979213
1164 110.62128789920129
1165 114.73119276284348
1166 105.1297357055306
1167 134.7869627816178
1168 126.3503690756357
1169 114.65586153571206
1170 97.82427421441574
1171 120.08539892903774
1172 108.43236762107964
1173 101.08958812385451
1174 100.56766272270944
1175 92.16421419918039
1176 119.12895515261158
1177 107.56566921136465
1178 101.66690929738053
1179 105.38928621250868
1180 93.4778515790955
1181 104.92047287256186
1182 115.80086934187712
1183 123.61460944008758
1184 107.67182232510349
1185 115.55092126854667
1186 112.95047788465433
1187 94.84226230468124
1188 103.37078111968796
1189 112.87969678534446
1190 133.15299734910207
1191 111.0919393005075
1192 118.18450402885354
1193 113.69206671080865
1194 101.22784682778737
1195 138.99798755654038
1196 121.26866923587778
1197 104.2306198150262
1198 112.96829812865636
1199 99.26682705512957
1200 108.03198197506364
1201 116.85575557693436
1202 104.0242512513932
1203 108.79092517339974
1204 97.68934411685413
1205 104.44197270887635
1206 129.64325798052576
1207 142.9359621278022
1208 117.06227513373415
1209 106.61109526718607
1210 103.15548607744981
1211 99.2693573554044
1212 110.71920840599904
1213 115.90711252720833
1214 93.957907214202
1215 87.69592652661166
1216 119.83328772090697
1217 131.81319197695606
1218 107.4652833127636
1219 115.16101067392073
1220 115.15491036079821
1221 122.71347775940151
1222 96.21023978354782
1223 114.46048072487056
1224 111.6132517787829
1225 111.52756682714677
1226 79.06217845592694
1227 112.32740119589558
1228 120.5765387878691
1229 94.29795049100359
1230 81.48319276453196
1231 110.16055758710473
1232 95.8015302906468
1233 104.6380452049681
1234 108.9172129654851
1235 103.8794532392305
1236 111.85796258493846
1237 121.30971368281104
1238 97.78145612951663
1239 93.9657221094218
1240 106.54343681246262
1241 95.23689331638427
1242 87.99279604761028
1243 104.25519611403557
1244 117.78186745521353
1245 107.90036349265455
1246 113.83078887084918
1247 113.21168570868838
1248 114.79785518745464
1249 101.85079819808914
