0 108.45734702807182
1 100.03158456899027
2 96.13355018590119
3 102.99164694494065
4 110.60429470316599
5 80.31569605840212
6 109.80702798464189
7 100.92740261297791
8 107.60962764037079
9 84.72218717121181
10 91.77132055161012
11 97.89694676549009
12 95.65090850218299
13 83.59821285643346
14 105.35069954956391
15 103.98465239619416
16 96.11273864431936
17 105.40956877490783
18 104.49623832036792
19 85.10033943673753
20 92.97881728079157
21 102.95214759804242
22 112.85744972643742
23 110.70641101587135
24 83.47234325446583
25 95.33049341480769
26 93.67346548172371
27 90.40456890980653
28 110.42069557429993
29 85.85668346062504
30 115.54172388254787
31 131.82295963505112
32 112.76621201281381
33 114.15948495018257
34 89.01861903175275
35 115.21761551252501
36 84.5620387424914
37 127.02240936212092
38 77.98255593981798
39 70.28736340558729
40 71.39204113384584
41 97.7447722539927
42 92.14351253999442
43 95.34341737933423
44 78.62054872755706
45 108.62343844047497
46 86.78123148352951
47 97.07029173425799
48 111.60798045237684
49 106.89640940958384
50 99.09421682291976
51 80.46834277827678
52 103.5623342869143
53 117.1180119626637
54 76.70745736044337
55 94.74252239556773
56 95.03216813646873
57 86.53248099421856
58 78.93439337410832
59 98.91723281273379
60 59.39549932467419
61 113.60295801603198
62 79.1340023212696
63 73.11808323105983
64 87.77630149017921
65 87.78779428557168
66 79.47689909261409
67 100.88308847660959
68 83.72966387551297
69 92.01591928683459
70 91.90020119390255
71 79.63343137071519
72 98.9651340286161
73 96.25180357406758
74 124.35558435877377
75 123.37964535221317
76 105.04851336045286
77 88.16993181169178
78 88.22539761466952
79 113.85291063156838
80 116.35466967001351
81 77.23599255750058
82 114.27057239499733
83 94.37704119320941
84 128.43211716116025
85 105.599426575073
86 91.9922383061915
87 107.07093014666748
88 100.78820449830212
89 100.36092321181047
90 114.18683311349717
91 90.50988971576157
92 87.81071111462393
93 111.51068367648777
94 88.24902007860774
95 111.64821629490274
96 90.79984929419734
97 76.38688247064313
98 106.76423198249688
99 69.00370100619935
100 73.64518130768033
101 122.80651129090505
102 102.70483581627268
103 93.49196566297685
104 81.95113095138421
105 75.21922535255817
106 94.46922210357177
107 95.69545211193825
108 97.35052743216932
109 111.91631903233325
110 121.41226174799824
111 86.2176998049441
112 74.4161985157271
113 101.47547346364148
114 85.54896391812225
115 90.11144393317007
116 109.43685852988077
117 119.56853942071758
118 91.85434376916386
119 96.12347967158921
120 110.26815481416632
121 80.9636407017135
122 66.69873771133932
123 103.73065335118486
124 99.57606425697695
125 132.74201233790924
126 80.01733583893576
127 88.55313036997785
128 98.46466984493253
129 95.57358028114095
130 103.3047897327242
131 85.43222999491528
132 100.58622313308142
133 103.2318346066092
134 77.82859797767587
135 124.02030948317486
136 100.2525032886516
137 77.3876628024165
138 90.43231353569308
139 81.12546045223307
140 94.90589822423
141 100.26859256735466
142 77.56342391087405
143 102.61428795807686
144 107.53773463104336
145 107.0069141577094
146 105.29842497968524
147 103.1927010708745
148 113.1536276249801
149 108.43954397538518
150 95.08557583596854
151 100.47671387789451
152 86.58160389773992
153 108.22156517067245
154 122.59667080931371
155 85.95724953321165
156 99.03977526829686
157 76.20652279157042
158 119.3566507656543
159 115.85686556423556
160 112.03039178790364
161 115.86329839471935
162 90.31722224538399
163 106.07396814514723
164 87.47159821353128
165 88.5364507965118
166 107.68743394169856
167 104.6267386399654
168 92.40376114411947
169 99.9141773116162
170 99.2579919634949
171 103.08000967793957
172 92.59905548809192
173 93.43711981089287
174 80.31077344011521
175 121.51116474234458
176 113.92138190747404
177 81.96388795126819
178 81.18739356363892
179 90.08459680256058
180 99.78725310340734
181 99.10889730475603
182 86.08152762803977
183 108.58055667037594
184 110.73713906649245
185 89.14958703762595
186 101.95202099206308
187 122.0068929880607
188 70.00307236872119
189 97.552016269207
190 76.48909223474983
191 111.42166725585312
192 114.4741704725896
193 100.59253084076079
194 84.5076951673832
195 82.30281066046896
196 101.68257123630337
197 111.85680438336298
198 82.95851987367946
199 105.87903475339013
200 95.943414335937
201 76.79218829554605
202 76.26939207460022
203 84.15019105147901
204 100.61131798747114
205 109.41485016207136
206 101.05275964967038
207 119.33130294492828
208 106.2105431478125
209 106.76738782271568
210 99.06324513188069
211 105.47036795533252
212 80.54579519075364
213 93.19148503801233
214 92.11204507222004
215 107.68139758691792
216 64.6467574894999
217 101.6367114387651
218 81.71971936643872
219 114.89071796391528
220 83.47293405020557
221 106.36762658029006
222 97.74861791900186
223 89.25056156119767
224 83.5886963436223
225 88.48314253440279
226 89.84626373125644
227 77.59381735568483
228 119.11887835506228
229 108.62789311358175
230 85.06940190135491
231 75.11530464566526
232 109.20224716834412
233 110.84011336650902
234 89.01878332664882
235 96.65843685483202
236 88.1949223018222
237 79.00703225568013
238 117.18248612728706
239 79.32892289570852
240 90.05336160020649
241 78.76067078180176
242 86.67755787229098
243 106.8675934122563
244 68.90015689059769
245 96.70278553890964
246 113.52929968249633
247 86.21942538500014
248 92.93577923589467
249 94.28713900448534
250 74.0965622093548
251 99.03932947348069
252 91.52949607392235
253 93.38363126021922
254 73.10869751494772
255 74.54421304225552
256 105.96858623392909
257 97.72856208516308
258 98.71386690191684
259 82.50883349542919
260 85.50153159995439
261 95.95506865272962
262 79.51510532895709
263 75.50356590547987
264 103.76833651138837
265 78.76671564246553
266 120.58545783291346
267 120.10743731366698
268 120.11654759578532
269 90.6442269810554
270 100.21503166925335
271 123.58202883038648
272 108.91250801263821
273 108.83365144770828
274 112.44637626793269
275 90.41438957321989
276 86.08147408248593
277 56.01203530623579
278 109.76579544151866
279 88.66446709497448
280 95.22788898000593
281 111.97491934672503
282 105.58610730513838
283 78.26984459345232
284 101.87971272475643
285 86.54290089124171
286 93.25888559473407
287 90.61497255451448
288 129.82604237206223
289 97.79534700668637
290 100.53159057717711
291 101.7481393286277
292 96.62511419869901
293 126.25019937403037
294 93.9022389243228
295 82.74844951926625
296 94.41821365793068
297 82.90951181650844
298 88.88124740562361
299 117.6394379908469
300 104.01518021291497
301 72.48189226588184
302 100.98594467088792
303 84.8069505799247
304 80.46770711597829
305 98.69791265412422
306 88.74442217891244
307 116.83938601333175
308 120.96535101140844
309 83.78375539421332
310 109.079355182903
311 98.36100612597701
312 71.52606211213929
313 106.69448976963385
314 104.65540612400457
315 111.39996278118547
316 124.34830444939865
317 112.62176562143445
318 111.30838720519255
319 100.79163885426755
320 110.7649210013125
321 101.48574426043206
322 99.27169318250154
323 103.61983371796714
324 134.92637578613414
325 118.2937835209695
326 96.36864218595912
327 68.78101770917054
328 118.4552496156185
329 91.17662259907931
330 90.10526270104282
331 116.9593141320146
332 74.965488767205
333 84.10821481474741
334 85.35756651828328
335 77.13865736033708
336 119.54418683777325
337 84.81578887669157
338 88.4227444390893
339 80.7025569861382
340 80.64311886887936
341 90.11947984968432
342 77.13890190069803
343 92.83157555201146
344 109.05484690146226
345 75.26328424547158
346 69.32730693756217
347 95.72302781965682
348 64.00548984915264
349 106.11970031074426
350 70.63399209020827
351 87.09683779474561
352 117.80164059718514
353 97.5604646692631
354 103.88156106284933
355 78.00416251282158
356 121.34699417686168
357 92.27297708582775
358 111.72437067097783
359 98.92994259121059
360 84.13793375511628
361 77.64075425184424
362 101.43951820918979
363 81.27148746938909
364 119.10470499800509
365 108.71653741372674
366 96.4784896539377
367 84.33706421772123
368 98.06165800075841
369 78.5174739799582
370 105.01333399752346
371 91.94445977277807
372 89.68127853211885
373 88.75178942918267
374 103.26316368255375
375 91.82426639896616
376 111.03121512875516
377 106.91349790323342
378 85.40565278268951
379 89.8945543574536
380 112.46122440123564
381 95.36625343201891
382 79.11068666556874
383 70.99453014254361
384 110.13977721214619
385 86.80193510037874
386 100.63958673604175
387 104.02404385982723
388 97.13468099551959
389 121.54215671329979
390 106.48857426217504
391 114.20899609521166
392 79.48145203229609
393 86.44217829466764
394 103.07366996825633
395 85.6306145469003
396 108.14025213383162
397 111.77988986514636
398 94.21724619994271
399 76.57064206130629
400 110.07139049311637
401 92.29651994611642
402 110.93538021945946
403 75.36216987169709
404 90.74376369589937
405 94.20880309831631
406 100.39753845701858
407 79.67725360049218
408 78.67311145885591
409 65.5683441694577
410 101.35262189700751
411 76.09188416691723
412 105.48624625658505
413 93.96430070520263
414 93.36900814103514
415 94.14428751016838
416 105.51230519841761
417 93.65910356860317
418 102.92645353312578
419 104.87984540474471
420 84.86341397433553
421 78.76996665127503
422 104.56529731369729
423 75.748287492154
424 88.91285903946944
425 64.32112285069714
426 82.19560720644706
427 74.52673286742751
428 78.18756200828906
429 98.40387784981577
430 112.5234879862054
431 89.88671497678162
432 119.3164727400398
433 107.8354698231154
434 110.52970686134748
435 106.88025893356131
436 91.44835609607759
437 73.46626832650014
438 94.58286294131656
439 89.20395659461475
440 86.18722127205972
441 83.58526478978467
442 96.13741705102024
443 107.23679447528075
444 90.63633040755515
445 106.07489426416583
446 112.909758796625
447 83.8895354844376
448 92.47517745490156
449 80.82994781306616
450 85.64250361218421
451 87.97299392340973
452 109.55870734700771
453 89.782361137737
454 119.95839244202917
455 87.71448820177358
456 119.57178200804145
457 101.59692669037797
458 128.96591735214335
459 73.48961941441307
460 92.30937940309143
461 127.69484428639238
462 101.57650909935673
463 90.74680549555995
464 92.03334072884297
465 80.7137168258156
466 105.5217699878052
467 106.5415165438292
468 120.20988471411641
469 112.00652481372018
470 95.0559728253439
471 109.16426637507561
472 81.5993527208766
473 74.95192204935685
474 91.30002961946292
475 120.10816233225987
476 82.65128811910985
477 74.62592796592945
478 103.65468785627162
479 99.46491276626644
480 118.63079320363856
481 66.18532564234002
482 119.07753806075632
483 90.43776739404332
484 68.0764767052652
485 116.42254782626563
486 73.00102481751567
487 114.69741712071703
488 120.75048877576067
489 100.52967505790356
490 79.58591335519557
491 96.11824774617477
492 87.77600657840695
493 102.97925848363263
494 117.13694343845913
495 98.01423570063643
496 92.64675947524677
497 108.88566721786485
498 96.04034847709947
499 80.43206622898465
500 93.07847687808103
501 86.37015300563226
502 116.28574899252371
503 95.42280522256758
504 97.02312566118165
505 85.0668641982358
506 76.66348454583472
507 88.65567800696506
508 88.09027838829788
509 95.5711942070345
510 90.26125325904518
511 106.54726733324055
512 96.2295730158709
513 121.56477680831959
514 99.43486673464182
515 97.73958287072269
516 83.02305456822931
517 102.4887285263438
518 99.43226206983019
519 102.72125157003777
520 112.80503882889228
521 104.3628414950201
522 86.40073576719055
523 119.64033024354815
524 94.68018720709476
525 67.43761960934157
526 113.22584151149448
527 105.78978047296222
528 118.68696460544813
529 82.91195511633737
530 88.33923752427528
531 80.58198840172133
532 102.28117485580896
533 91.17690200461865
534 107.00688503916057
535 98.44623305650653
536 115.30646183344076
537 92.47531385005915
538 110.80379232672006
539 85.88433718517102
540 85.22725019894033
541 114.6233603085894
542 109.18740621337746
543 101.70604159546619
544 83.02552763557122
545 91.98542861615915
546 111.22753517820769
547 80.29974994716436
548 87.9731056948574
549 97.5745345294324
550 120.21835267196346
551 112.26603050739067
552 113.88763373285266
553 123.3906671830099
554 94.10046142783006
555 89.02278952076632
556 90.48883325317972
557 100.77905059769432
558 74.2710973579992
559 89.53948663795595
560 88.78219652782157
561 88.92483730895486
562 106.39598370154377
563 104.43631431564394
564 97.77208316129347
565 108.31944930230475
566 101.6165424218009
567 97.00944820213819
568 101.54211203561363
569 93.5648438935414
570 81.1781953913463
571 93.37872330384418
572 82.16748830705984
573 95.16672657686274
574 105.15636578805182
575 102.92096330223164
576 88.3782675293604
577 102.01871556005241
578 118.46708076819445
579 67.35556662889991
580 100.65036207829226
581 105.4197583517503
582 91.41053294936272
583 95.37752949311871
584 107.79886937362859
585 97.1575208874574
586 104.11019070138187
587 105.40679928908756
588 78.09402195137454
589 111.81113164510242
590 122.9117243981824
591 127.64242835269746
592 108.84478364114771
593 104.515147691905
594 103.7350734161478
595 118.83967414200376
596 78.03822499685457
597 100.555426086945
598 102.70297398249932
599 112.34142220344388
600 126.75750766110433
601 109.77372826922974
602 120.05685624559291
603 119.51881295868081
604 113.66804083239197
605 95.83052625916963
606 89.36337510221489
607 103.16056247251079
608 109.1788442297686
609 99.67471558932762
610 79.22166006079414
611 96.39827404577527
612 92.90475217644789
613 98.12532084588219
614 91.1106334683596
615 125.76487061255271
616 94.64514391076091
617 90.61097939952666
618 128.60658468767792
619 112.74659117924018
620 74.48184866189659
621 131.14702357258014
622 75.2013365851013
623 98.39496603442782
624 93.5241578325728
625 88.00700930101324
626 46.749017546186984
627 62.667847046671724
628 104.34384112517061
629 72.86326612340356
630 110.33351527198131
631 113.68473539090769
632 88.64297280309921
633 70.13846558462498
634 68.42928169590111
635 105.90595417437959
636 92.87565818148323
637 106.92170135038697
638 117.17259522646542
639 129.3166056738365
640 106.814851824324
641 114.5929269813574
642 99.80811555670898
643 85.44728354730997
644 109.85682174608789
645 80.81338641062601
646 100.85374249051227
647 110.83974331544357
648 117.30457564515677
649 104.84782898943605
650 90.58377403884128
651 95.53592915393065
652 100.04044980542857
653 119.5256089240826
654 119.70004069985025
655 111.62991999393061
656 92.30296544335441
657 82.12943111668233
658 105.62248568919401
659 105.5598772102834
660 88.47782103009934
661 94.99910903267173
662 98.528682153454
663 111.81460010795529
664 107.10612859183135
665 88.50467510708461
666 96.92306639442221
667 91.10808721306068
668 103.0954503302977
669 68.34297931219898
670 82.61831906841464
671 101.55575778563922
672 110.34958180410743
673 92.2994015376402
674 107.91031856755885
675 96.54545721522913
676 89.33529221119926
677 127.53184295599871
678 93.55451061207198
679 101.16843450527654
680 99.70372908109763
681 62.705140584417116
682 103.00991399875366
683 86.64377352188068
684 78.84103141050235
685 91.6910795865645
686 127.44277214866844
687 104.41128497265295
688 108.47206851307043
689 112.38517056756196
690 86.93427026796395
691 109.42207230674158
692 117.25168815929636
693 71.91556833025517
694 78.85487912492873
695 80.48044661661774
696 83.56914357956781
697 103.06503928839747
698 76.39943827461491
699 104.72662911595873
700 82.55910913953903
701 107.1922028370381
702 92.93000794058158
703 102.55185344283169
704 81.65829216674499
705 98.45410781865209
706 79.73233550764124
707 106.57961101867664
708 73.05669105157949
709 101.30957966241023
710 75.80621676666057
711 78.07229315004345
712 94.15794438740252
713 88.87888281050833
714 116.40361105416785
715 99.89043344381828
716 106.23838557869205
717 124.86767888582258
718 80.8684514060289
719 118.49669196190136
720 86.47485119699154
721 142.21822343311786
722 108.33981105418931
723 88.32144939675997
724 96.55521785321955
725 107.55812937512611
726 68.97375276235938
727 78.72898623335752
728 111.5245748432473
729 110.65304326925262
730 110.42750025024037
731 90.35051263942829
732 90.3616333463535
733 82.01958343770343
734 116.04263419170469
735 97.96931506851527
736 95.90450099431794
737 77.33290623834046
738 106.56435312472414
739 91.29903755409647
740 92.30430759700722
741 96.1101426941588
742 106.56661335736646
743 97.31539714129937
744 91.27401995880142
745 98.70091252328874
746 87.32961439471525
747 100.10847396897655
748 94.0353516515369
749 91.32102786305926
750 85.44041579862127
751 107.54635350020958
752 94.04782254116829
753 83.25570853069888
754 86.32216710647516
755 77.58291798982711
756 86.36755821192594
757 94.55170149556314
758 84.99828842194096
759 85.59300859260551
760 90.3448810906369
761 94.14701636444512
762 96.50122809633193
763 93.74780342124085
764 110.52549775876626
765 96.65162937080304
766 115.58420179908076
767 119.46439058267867
768 83.60980053953277
769 122.0825158700543
770 81.94820045095874
771 98.4162718603052
772 113.61180322742474
773 93.54686578462177
774 100.93742921873043
775 92.10112061524549
776 83.00558830396716
777 112.77071200033016
778 106.34191489730331
779 103.18305795062658
780 98.34737531612738
781 92.25852964067573
782 92.34419291437604
783 103.28005139702407
784 107.50501253047926
785 82.57947285201563
786 99.1789403177432
787 68.09585876370629
788 100.84463035075518
789 89.74534908462238
790 80.88804717725532
791 128.7857615215689
792 100.13992495480417
793 96.1860086790207
794 99.33729442012785
795 95.7975009730041
796 83.05541059270568
797 116.98003958736669
798 94.06419618733592
799 78.80740921498874
800 96.82362078440666
801 104.06523198863417
802 84.44952968165752
803 99.2498599788022
804 89.31526681008282
805 92.08619672377544
806 95.81901351235872
807 99.24510956331271
808 91.65772040477299
809 97.32359626977461
810 118.68492009281566
811 104.12322281893938
812 80.15438656958304
813 62.6786044807526
814 107.8949968932299
815 115.74224369947349
816 113.2262078645111
817 118.2099146746094
818 100.0301920025827
819 81.486946008321
820 105.77276453088233
821 123.91518318943203
822 135.1738600154882
823 102.98722960354917
824 91.94794906684552
825 97.93548644056878
826 99.47643287769435
827 59.17659006596896
828 97.38085342699499
829 110.31845987709409
830 77.95655566522976
831 72.55258799865402
832 94.64819955170864
833 61.071476645334414
834 83.08571182671778
835 113.15188097096333
836 101.46835773203149
837 88.67713986031731
838 103.41728257420239
839 94.58320843050734
840 101.67303368165992
841 79.91840784384326
842 124.73036120300667
843 70.06616709184598
844 83.57825345142724
845 111.59064795454124
846 103.6489064346214
847 107.64618305078639
848 92.97946929510236
849 76.44840629955245
850 83.53541275353025
851 79.88124140939891
852 108.7914193429998
853 86.49167065566154
854 120.32576577222254
855 86.14539035629872
856 91.03791294864405
857 122.51247909989354
858 118.72416397232911
859 85.35274966738483
860 96.13508015303705
861 97.26067264361208
862 86.37247435460128
863 116.03077334964773
864 91.19752311433336
865 97.26071710429514
866 105.30262860694226
867 94.36315404645632
868 106.70176200767503
869 98.96743148002204
870 110.01535535840355
871 64.63734892165778
872 105.49130895413865
873 106.57980223969415
874 104.74033891146706
875 87.61809298375655
876 112.95625161470143
877 68.04801058706965
878 80.29154767306437
879 83.5673532248639
880 108.60590973974745
881 84.32665760268792
882 70.33352184860456
883 103.63037940800066
884 105.32289915528114
885 67.04244758293972
886 115.68610218937364
887 118.53303397517698
888 81.78933138771048
889 96.45758762249392
890 78.64480141048016
891 116.43368675911486
892 100.41468264922129
893 96.5256002332604
894 88.43748080851525
895 99.94285944234478
896 85.24193010827705
897 110.17761840002446
898 98.6452944582344
899 93.05913325574376
900 88.53650535936829
901 98.06837487076947
902 80.78028623528895
903 101.33372508382145
904 88.13332342149683
905 78.9212042970757
906 92.81308551830298
907 98.61076175484422
908 89.90249971456758
909 104.69319667603692
910 102.8208046624638
911 72.33829634014111
912 93.50678797387482
913 104.70649749552658
914 88.90911856279654
915 80.43692152740984
916 88.27035880680344
917 94.58422208894736
918 98.52845166115195
919 93.64386516788743
920 81.94215110396746
921 87.86311566602663
922 81.07266990664817
923 94.61437175663501
924 79.71019754419066
925 115.14448098992958
926 100.69399457930439
927 121.66811286632397
928 115.50348147465698
929 118.71674522801094
930 116.35672340375474
931 75.25432013783782
932 87.96013197958163
933 119.19589443108572
934 124.88967825859142
935 131.36740568199926
936 99.63532607820117
937 97.26560593916388
938 94.14640627836884
939 96.24494509542922
940 111.40106867187903
941 106.96695327972299
942 101.58429095654196
943 110.31563399210066
944 93.78174983991087
945 67.88065844323148
946 100.65902056461898
947 87.8765456471019
948 94.34604286609488
949 74.51531167992067
950 88.40807080924687
951 110.79688148281231
952 121.880153118941
953 111.85595081612534
954 95.05401040521356
955 121.2441699433298
956 93.5696261392574
957 113.64202930077676
958 104.66272138721814
959 119.88579849907563
960 105.73462986882278
961 86.02579285068711
962 109.77861363768594
963 84.11342861070649
964 92.1580827980322
965 129.4069358079207
966 97.4978057043761
967 67.06556722100062
968 91.45459402461078
969 116.89268679745182
970 109.28392388422765
971 88.20269689335386
972 84.05121363962964
973 75.49304238640016
974 92.57184646391204
975 90.55954107536019
976 101.29908192325244
977 86.67230327923504
978 89.26128567385257
979 115.54187231783878
980 108.08691234691553
981 110.16521523034736
982 94.0058980095829
983 80.44489719309688
984 82.17807585116546
985 100.76395706151527
986 64.6582321210513
987 106.09651584510674
988 122.96098130766386
989 128.53105163236307
990 105.95315759037413
991 95.5627777214122
992 88.68006884445171
993 91.5942095976542
994 105.10107856298296
995 71.10320912736137
996 109.15469191685233
997 94.58199244533627
998 92.51335389171939
999 89.99150145194714
1000 83.65051683016836
1001 100.54430831051856
1002 72.85683233183515
1003 104.09111620708008
1004 80.67975211629104
1005 109.96513988545976
1006 87.15167263186781
1007 101.95663311665245
1008 101.32191493814652
1009 77.00975121334457
1010 101.15063385329961
1011 99.02478343288344
1012 90.51820108248059
1013 80.86165496658208
1014 90.80312537833298
1015 67.4360742787929
1016 85.52584266228884
1017 92.50442796433367
1018 94.1965209636079
1019 79.43200674399492
1020 109.2555892153132
1021 77.10424445941858
1022 75.92570188857678
1023 84.22719218942179
1024 103.31779657129259
1025 105.46153370901293
1026 108.21330925432139
1027 91.63746055466788
1028 123.48964065316463
1029 97.69588408708532
1030 91.76848544189697
1031 61.93026737729115
1032 97.59652180932797
1033 110.07598369112291
1034 95.88270058925798
1035 86.18007368753538
1036 100.1185385712264
1037 78.4652538215649
1038 113.44765664640464
1039 112.2563660529821
1040 73.59519767191398
1041 103.10218615405884
1042 95.23619821168813
1043 83.67981466128803
1044 73.36728553809206
1045 65.77548291769595
1046 98.97115526815497
1047 106.02460311744954
1048 106.94964170397569
1049 98.81148737912817
1050 87.8815179800373
1051 130.25643643275794
1052 108.91184872381267
1053 92.87405184959839
1054 102.673671024243
1055 89.07470973661621
1056 108.89339852791399
1057 96.16206196682785
1058 86.38344224473427
1059 92.44069590943278
1060 109.87251525500312
1061 91.15159417135955
1062 91.00477963681526
1063 79.2516889341175
1064 102.58086775185099
1065 77.22245315989225
1066 95.6432080459261
1067 114.62217635447641
1068 68.54244068226937
1069 99.63773927064332
1070 88.80549947033703
1071 96.54613936238931
1072 81.18056314898989
1073 125.7672185390756
1074 131.33124451145522
1075 87.86458893075638
1076 105.5640152896482
1077 98.79462596293915
1078 89.74802288228605
1079 67.93986900654946
1080 84.9055320120639
1081 87.36796300637567
1082 125.25249529284547
1083 100.45673623999743
1084 99.45960912209856
1085 87.0124769171177
1086 63.48708462384643
1087 99.12493799380239
1088 59.39754284146053
1089 79.8251627326311
1090 69.97980458922224
1091 88.1188525440081
1092 114.34116958275149
1093 101.85226734654603
1094 92.6499468658567
1095 105.20172862195702
1096 120.07778570882533
1097 98.3258422405793
1098 100.20171411955342
1099 99.93060569890707
1100 90.53402410601882
1101 110.70171747839149
1102 77.19549089928772
1103 87.50604167660762
1104 110.95280904280851
1105 86.03883764384886
1106 87.73921263823954
1107 97.2483034745922
1108 81.48584780023754
1109 82.03940277536373
1110 77.62907821749761
1111 84.60164783707738
1112 100.67672758066017
1113 93.73367666780557
1114 111.02022903302864
1115 123.86827729791183
1116 83.18140154149697
1117 92.38595278693784
1118 86.46434975051791
1119 120.38607412769304
1120 93.32080416012434
1121 98.72692464465044
1122 89.88931563189354
1123 104.84432304457489
1124 76.87069500568649
1125 100.25328074138699
1126 99.35970465412879
1127 117.23896991196271
1128 83.02728081458466
1129 95.96447105112412
1130 74.843930570808
1131 92.76235966750717
1132 101.3265100088745
1133 88.47711898348777
1134 72.69697959783178
1135 108.16215811071103
1136 91.63279819861357
1137 80.85832697713572
1138 105.16205470611901
1139 99.19596654924922
1140 89.71796764915207
1141 77.7654031453981
1142 114.86735218541243
1143 87.68010157215438
1144 89.41371966996104
1145 95.76009822328952
1146 54.84228268896293
1147 90.05812066391351
1148 134.5908584845268
1149 93.9579728943432
1150 102.52860003367859
1151 94.08598531514357
1152 107.59528624243877
1153 78.55361845281054
1154 74.44788577631702
1155 99.37280630100767
1156 113.72313342204356
1157 110.31710578432225
1158 118.7284952679389
1159 101.70964209098817
1160 88.4060668847286
1161 109.44913676452568
1162 121.10779635669161
1163 109.85611902916375
1164 114.62397906695794
1165 91.34632316797884
1166 122.38651123810062
1167 102.03423728633956
1168 105.11673591506171
1169 100.6320713134923
1170 97.68959701808602
1171 76.10125600380381
1172 69.70696043812286
1173 109.83210335199057
1174 87.97063675704571
1175 100.55885041945828
1176 123.18247482365851
1177 108.80626889423985
1178 96.86939096672414
1179 93.37503201650524
1180 71.4066401725389
1181 107.75978816324262
1182 125.09034087757344
1183 96.31871427859564
1184 111.03212387135899
1185 57.03347211319349
1186 120.88522198222682
1187 88.55975070588254
1188 82.03845873794272
1189 109.59159035023119
1190 104.28876648116939
1191 86.35939148804881
1192 98.60180784302266
1193 87.70608844995995
1194 101.60725867906189
1195 105.20565806235832
1196 107.28469389834817
1197 118.79106890774771
1198 81.49689561839402
1199 72.10878342646808
1200 74.84387452300358
1201 86.14567427702363
1202 65.6481009296052
1203 113.4235789735825
1204 102.99049679140826
1205 93.42132994502406
1206 62.12073739851914
1207 108.17231862590961
1208 109.16078566993822
1209 88.14908714968021
1210 109.88681689893902
1211 94.37309813707509
1212 95.92752012665363
1213 104.16952523417899
1214 97.8991310965927
1215 74.61202440575813
1216 89.29053334861986
1217 99.82793147617417
1218 108.05599502062529
1219 98.30046389505218
1220 93.41968940808425
1221 111.67707545009904
1222 79.89152886408445
1223 112.37022305790606
1224 99.53416846403736
1225 79.61366008954032
1226 60.653383425851466
1227 112.0991866574635
1228 107.05802391328291
1229 101.39557508075418
1230 94.70563082128707
1231 92.81645632801107
1232 100.93783716851223
1233 73.07692066805794
1234 92.98436610555085
1235 120.04887877072768
1236 107.0196268633635
1237 103.95510128227653
1238 83.74535499574084
1239 97.47357647988485
1240 68.79934588502891
1241 95.4048728364953
1242 106.3682355682029
1243 83.15332184540335
1244 115.85673788304312
1245 112.50855475920702
1246 122.52286152505276
1247 88.79667390947982
1248 99.49953063825537
1249 101.00527144133113
