0 84.87353985551621
1 77.60172289680995
2 89.41523903234874
3 80.48464092667808
4 86.78322987236692
5 97.876771842109
6 85.34138075329967
7 72.76976553023162
8 90.21094587687261
9 84.39209215511204
10 81.0711817515036
11 90.91401997495083
12 84.83809297339128
13 85.83092969092348
14 92.3793707249652
15 79.28782922912009
16 86.39235555495121
17 69.17192192287932
18 88.01881527863227
19 71.303288744683
20 78.49923857232375
21 77.15185129109075
22 79.30528824078173
23 83.36505154866941
24 73.54921706065551
25 64.4810087670455
26 87.5466175435972
27 93.49574133669091
28 77.15505360345071
29 77.97078410635878
30 70.12199193609177
31 72.61702172384652
32 86.47889174732703
33 77.81202334002653
34 70.93121570713404
35 78.4455043152865
36 91.25095498392784
37 71.63934738745121
38 69.46622656527815
39 88.2062447828791
40 85.28299043255228
41 88.89377663601448
42 80.37991356619389
43 60.74963452354277
44 84.46024027958025
45 80.97681429081011
46 80.16543876194832
47 74.44637433609647
48 94.62682456577149
49 77.51052650683637
50 86.51968633333705
51 82.04237586652013
52 87.0198421179965
53 75.94588905222211
54 79.93331068644353
55 88.56352190286255
56 79.88283705798891
57 89.83942152077118
58 83.51259053898681
59 63.574583759209524
60 78.14841170066178
61 90.79810558084017
62 95.81382984358028
63 91.79596545744434
64 87.49792069725939
65 90.41339890652465
66 83.36241933719384
67 79.6230089762688
68 77.55857257366917
69 88.30876704152855
70 71.0286423167213
71 87.5297413200777
72 89.76077255749912
73 82.92804549415669
74 87.4145344459975
75 73.85390638437802
76 94.35370670324006
77 82.13555984979375
78 95.58912225782623
79 89.8730564959291
80 84.86737872800435
81 90.2069171677308
82 82.33849751383198
83 77.2788749359618
84 84.27209295265175
85 85.87942213995503
86 95.5909765059065
87 83.28462145214124
88 87.07641443885244
89 88.95902877831415
90 86.97950464779153
91 78.17498640381946
92 72.58379243444476
93 93.17895662109851
94 79.71081362015084
95 80.14007064867246
96 84.24414173496788
97 85.10714649514533
98 96.02545830807766
99 79.7528040227692
100 82.4315594533949
101 94.43906342137336
102 79.4135635942061
103 79.96437488900335
104 89.5964542697959
105 82.18559883179441
106 86.41087042942158
107 89.68313321221781
108 75.41057372557361
109 79.55615075781046
110 90.57518417160122
111 73.21843293835897
112 72.62275769747434
113 87.04338712631616
114 94.22786085245276
115 85.73831447378056
116 73.68977808607275
117 79.9415049617745
118 82.16052625777334
119 80.69369423931572
120 83.20765059254299
121 78.46426459959457
122 87.00097998882353
123 80.86084142493362
124 95.48027769578702
125 72.87254535127992
126 77.81396434412952
127 76.53416294602853
128 81.14070638025076
129 84.85400175177615
130 76.45176675851073
131 77.9472569474948
132 82.59235209556776
133 77.76735015766494
134 72.29436267519233
135 80.53671913467525
136 92.7044786738783
137 82.05596909367169
138 68.12070337822335
139 71.42262494567055
140 73.34526818326877
141 75.74290267950742
142 81.86665296185531
143 83.28285203169278
144 106.27938164874202
145 86.94552186782784
146 85.98658944062099
147 77.88313812136074
148 85.65034738270435
149 76.99786411648387
150 79.34158200397351
151 88.06449581316575
152 79.34476938498906
153 85.24507525661774
154 87.44507426402231
155 77.2365789339014
156 72.37137964053774
157 71.2286609817216
158 76.33787692291016
159 61.388162648570855
160 73.82437655758065
161 87.83667231092225
162 93.90123581665416
163 71.38496238082138
164 92.7854341481034
165 83.90687149877995
166 78.39638829123767
167 72.26341336979046
168 89.40928835797736
169 95.53346252227892
170 81.27208474330902
171 76.47477812588762
172 78.34462884880958
173 90.41720559832737
174 62.12212306297881
175 79.85225486682575
176 91.12341524802085
177 75.32559270966502
178 77.1666988315851
179 85.23316960731401
180 86.54435350847324
181 85.14165387128728
182 79.90168609787548
183 87.19502182902019
184 94.1607334524511
185 82.6782195060031
186 88.87514641810782
187 79.66717084837997
188 86.6641454698338
189 75.44016106212766
190 86.00375894610671
191 86.53113321883797
192 83.55123931019061
193 86.68923490100266
194 80.84742281932144
195 76.79845219600409
196 66.58727753872107
197 98.13296186381457
198 86.06349889100751
199 65.76393595520379
200 83.9836403152991
201 93.64838026301116
202 74.12614076995499
203 89.75782772010984
204 87.96893479064816
205 75.27605919139211
206 75.73772640503773
207 90.90779487209524
208 69.60368808689537
209 98.28646821738175
210 72.33880359681946
211 82.04476147882566
212 78.88208184206654
213 77.06918022069554
214 83.20539521534718
215 83.29506327160142
216 87.57852165515881
217 79.2725324558587
218 84.51273125810982
219 75.85116054691778
220 83.3306310999135
221 74.45198455135471
222 82.24328278310533
223 88.33618892493116
224 94.56988120193978
225 77.8363624213321
226 69.78063150373838
227 90.55874144558561
228 71.89357276502999
229 79.29546507452581
230 84.39685464432839
231 90.81014816850376
232 91.33989803488053
233 72.91154831692101
234 70.99007089560699
235 81.53004439782354
236 90.52000648094022
237 81.59637678468096
238 79.97020980420271
239 72.60499052989398
240 86.67674380062488
241 81.52554389582734
242 83.28368526227538
243 73.8311106052142
244 83.33860457370672
245 83.10443815266662
246 82.80238120814808
247 90.18442680214775
248 80.91158356940878
249 75.7823092862145
250 80.11917340080096
251 70.88246229912785
252 89.11951089863204
253 83.6195264136107
254 95.22679800864464
255 85.6841601597604
256 91.83086486029468
257 82.65022644817499
258 69.80069703290454
259 71.80657965044564
260 81.11878732125531
261 95.36724268782129
262 99.69676217379441
263 85.77068643369837
264 88.61330379401642
265 72.94931489540123
266 80.25550224797438
267 78.28095692522045
268 83.10124621782225
269 75.57242487270418
270 94.59757877633315
271 83.84994340439235
272 77.16071334295599
273 67.50591693122003
274 83.73722511393706
275 86.65164430197184
276 86.83369511848984
277 72.35762753489587
278 93.18932988101427
279 86.75286061324414
280 85.12942645169109
281 77.62564579960122
282 84.44503215303308
283 84.66511508980177
284 88.91822274610537
285 81.00622194314026
286 78.36457834389917
287 74.39181704812468
288 86.55753977345695
289 84.20006139505986
290 77.75414885857835
291 71.27653421511849
292 81.04323354386457
293 78.20239754535554
294 80.33969206559249
295 90.26717162280472
296 93.64332462929376
297 84.80645473649675
298 70.19920821567273
299 86.44319585687268
300 88.46240137105039
301 73.97597348680486
302 85.33223385550542
303 83.21089489231376
304 76.22357600735388
305 90.75237612701349
306 88.20106352020453
307 91.23513161599678
308 77.19123245803618
309 89.98720245779121
310 84.78456607617225
311 79.0436248925463
312 84.59816295642226
313 81.56012234303077
314 80.75281269983778
315 79.85904373367059
316 91.2236916132525
317 79.87359855406734
318 78.08789962260693
319 87.1563490245757
320 78.5869684576646
321 84.23883685015704
322 83.50248365887794
323 84.72964782769141
324 78.49010645729716
325 74.4494523215512
326 79.24126138147716
327 73.8973577998785
328 80.06616687366049
329 83.4433993371808
330 81.95806861736052
331 89.21904721925495
332 81.40469813500776
333 70.3183651196424
334 86.27448904639888
335 102.53172082241507
336 72.60488759312412
337 81.2260283188758
338 80.27549278136175
339 94.21511394188988
340 87.2734884257359
341 76.77914637214346
342 73.26820312757052
343 80.03954165296614
344 82.38051749726635
345 89.19767751219842
346 96.69184626802094
347 92.78003992441919
348 84.85848094549154
349 84.97185529462335
350 79.57769130160447
351 99.53957369510148
352 73.0493338699683
353 86.01643588562831
354 80.2281568029413
355 91.26527118741204
356 76.84477344694066
357 78.85854470803086
358 85.99509607192533
359 85.20069334366555
360 89.84855874576142
361 94.22168009827774
362 91.34783075095811
363 89.18670947125294
364 88.61404998375833
365 80.5356134833343
366 83.74370427131639
367 69.86308041354523
368 96.71807065729787
369 97.3133178722144
370 84.7561665010475
371 83.9131499666962
372 78.2578543026871
373 82.65241969780348
374 75.69639923453225
375 73.64064516719198
376 84.86049892782322
377 74.11525509536783
378 76.83021060425044
379 93.75911084343866
380 88.14902740237014
381 93.15681823764709
382 75.73590526622517
383 82.25818335541827
384 79.66104539302948
385 72.4509633132212
386 80.2259702437903
387 92.42059761467566
388 78.47454154670113
389 64.93298977859439
390 73.50172126777292
391 82.55128779694674
392 88.69640395991587
393 75.58550443186908
394 87.43080281416876
395 79.20288025679369
396 84.57357276463051
397 84.97760330776167
398 81.44580424561228
399 86.72597907888982
400 73.49940747894414
401 81.5290518833812
402 70.46108201686816
403 90.13277926659374
404 81.6131383046963
405 75.57858191796004
406 74.1824089019073
407 79.34428917441238
408 85.28117206825182
409 85.15639237843148
410 78.34132744437028
411 78.71144111397314
412 80.20556108173726
413 74.16205686210245
414 79.5715905200364
415 79.67387544853862
416 86.4322161678619
417 74.92546440197542
418 83.37302135225062
419 89.23987946783377
420 78.95420647252132
421 61.76209048848602
422 92.4757043896544
423 75.35333318793016
424 85.42470941103
425 77.85546188657617
426 83.26234985373462
427 85.54867122708798
428 82.5359752633317
429 65.74309834154572
430 81.72713046892866
431 73.7604318441069
432 85.93912790458415
433 88.83676461621758
434 89.78760097451676
435 85.46696998766545
436 85.71547825388906
437 92.66212132992267
438 75.60859639987568
439 66.05404084523313
440 72.78312434299453
441 72.4588830949301
442 87.9395642784853
443 91.34258958765695
444 78.62689981723636
445 77.4153746129957
446 100.45502560925135
447 80.82534675242485
448 79.28058289806995
449 78.93627497516874
450 90.91903883794286
451 88.53909105364133
452 82.42548557645506
453 91.85662785625742
454 77.02309684715827
455 70.15840162319354
456 87.85148231670985
457 85.21129220451547
458 93.86390889408082
459 86.37845791379183
460 83.6339863010498
461 71.68487256564114
462 80.75960076295472
463 89.87594629867617
464 81.67226578896499
465 88.69597083116625
466 95.28036358227764
467 84.97674461224476
468 93.73615539011767
469 91.90932332468648
470 86.56818076609636
471 81.05225896194644
472 99.47952336090786
473 80.52050966463072
474 96.44789743263703
475 93.54072104066098
476 78.68643316049376
477 81.56851716279964
478 80.19100183768047
479 70.78746502411808
480 76.4675596316011
481 94.39898010429899
482 92.70491536087802
483 87.93628284479216
484 90.61735545499143
485 77.21431974831162
486 93.09415996777915
487 91.78857736340338
488 84.44744699573113
489 72.41962603677828
490 81.76651001347592
491 90.45124719692309
492 80.74689515077857
493 74.61860576328048
494 80.8213458372053
495 77.6925981984587
496 86.80641555977462
497 70.3626954094031
498 71.07178117522656
499 64.60466838289744
500 81.37122612194099
501 75.5878832619603
502 88.51753532566957
503 79.04218698824924
504 85.37375920067349
505 73.56994139603339
506 82.30313430871294
507 84.28486762493472
508 88.05517204019637
509 86.1035611125947
510 88.06471643037908
511 78.73649148811054
512 87.15525679435663
513 81.16744751126494
514 79.53706222214302
515 81.18652178605228
516 74.83851114745542
517 94.53634767746287
518 86.8250716573476
519 73.09660377364173
520 86.48429303975638
521 85.79874361790448
522 74.21127124857539
523 85.60872103913024
524 79.56877770816408
525 86.11985307805168
526 84.56146177485654
527 92.64181696728376
528 81.09825581207417
529 80.48969002070247
530 78.35549268235485
531 80.25556322749873
532 85.40328275532124
533 84.14175986276724
534 70.06508108446471
535 81.33288671807065
536 95.44344352496462
537 84.05344360695261
538 81.96933841542021
539 92.25940878962551
540 75.99153159845608
541 88.07668555215541
542 88.19684816271892
543 104.12242388392808
544 81.82613595989619
545 75.79230378829209
546 89.99030009814186
547 81.93552774698784
548 96.55046562989651
549 90.09873731299705
550 87.00690078066266
551 72.9165408138709
552 70.60421167612841
553 82.4754844918786
554 87.64124776628371
555 94.46344752591042
556 86.73335384110156
557 90.72995423777101
558 83.81790720522132
559 84.77353666908141
560 78.0411162242279
561 83.1108594741436
562 92.11617304033062
563 89.30867358451297
564 77.2617040010561
565 96.74259366262321
566 92.45824229410385
567 89.83119559712888
568 80.49561789762338
569 95.12806550124883
570 94.22499680607562
571 94.69336755590645
572 90.41483571546385
573 90.86469438615516
574 81.43747074456282
575 104.19346857295918
576 95.45090545234714
577 82.27290704250628
578 91.82671925840152
579 87.72955603930005
580 76.90217177269805
581 99.62670694237723
582 82.94259202491422
583 83.66559077293876
584 69.92941120162376
585 79.20593170869356
586 93.86966123654474
587 101.86593908983117
588 73.26362688171135
589 83.59421688506092
590 86.41327962491508
591 88.73425996282862
592 78.85165311911776
593 98.07260135992924
594 86.12883278206574
595 85.53532433819704
596 76.50996586231615
597 86.21850283444095
598 88.07270150546285
599 88.56453080661784
600 93.89918769489674
601 78.53530564263409
602 86.1365046915974
603 78.65314100772763
604 79.50832229763597
605 87.00757061875848
606 92.28499209880344
607 87.71432234930784
608 91.25412358671534
609 90.81021102724189
610 95.30683700092334
611 88.2924492386701
612 84.66681212813681
613 94.22914315495201
614 83.48190366203136
615 73.93764885394701
616 93.28365781223201
617 74.6750809369772
618 63.898816189621066
619 92.78279843000223
620 93.15699379300125
621 104.19885074549588
622 91.22656004547615
623 88.47214442528941
624 83.0601420308072
625 80.82868759726009
626 72.1438129013247
627 82.84939334619744
628 83.90158031266346
629 82.1338459299494
630 83.09406609245791
631 94.73778019465547
632 95.2595594870355
633 85.5270053878653
634 71.05635297402205
635 71.54206904682016
636 78.06560923249975
637 85.61849810701669
638 78.7729860056862
639 76.89591301568512
640 77.52310575353815
641 89.04143832615364
642 83.28174541967972
643 86.46581695671769
644 92.00172093684536
645 73.9802902195777
646 83.3499605299666
647 75.33373630320698
648 89.94935677977406
649 92.4525704657515
650 79.71772425573931
651 84.01345534540151
652 84.17090040633708
653 86.34474646427459
654 88.13016488077699
655 76.70946746373146
656 88.10128845564404
657 86.49873514468818
658 81.22295917197523
659 77.07372469266392
660 77.81133603248976
661 90.96645356893825
662 93.46944798052381
663 97.41544370954757
664 74.80679649389725
665 85.61252522949924
666 88.77572737129016
667 102.3502706381842
668 82.56751245891466
669 90.26021662712267
670 75.17127435196396
671 92.64659058942382
672 94.85471105159093
673 81.32163372288457
674 80.90912643137216
675 92.5797604768286
676 83.06315689979917
677 85.57885367065475
678 68.04284049758938
679 77.25919288168531
680 81.80693476021817
681 85.87269868313805
682 75.92478376964888
683 93.13853689157594
684 100.34137109257865
685 86.69827343626206
686 87.77936192665865
687 89.87916119438131
688 88.3619906551463
689 84.30598249037611
690 93.57242374153964
691 91.18023658434548
692 74.94817963152377
693 85.69993585997005
694 76.68319188486481
695 88.0216444687449
696 82.25421062801188
697 83.8564127365349
698 86.50821568815319
699 77.20435995958425
700 73.95655397606991
701 91.40823506655082
702 97.22174794325444
703 73.92161574877804
704 86.76195581301741
705 82.70829947518638
706 85.2398888543489
707 86.32763677179794
708 91.05718323935432
709 79.68922473866007
710 94.05210628340252
711 98.47357795729422
712 80.54806597035851
713 98.7890938058945
714 89.17814890794727
715 79.27598539696001
716 89.74775489336473
717 87.36653381261566
718 93.03321091359096
719 83.29162056338383
720 95.15485238528487
721 90.20150866738065
722 92.53502554305435
723 80.52315525235458
724 81.98970787786735
725 83.45813243489236
726 77.82182342973408
727 87.06066987599837
728 74.59522920483444
729 93.96312194853083
730 83.23691210876606
731 79.0008849356642
732 90.06570846138656
733 88.71290971265748
734 83.26774801801199
735 77.78708903170077
736 97.69529089359374
737 78.85971756815815
738 85.73979416847617
739 79.2578266651379
740 77.1551569263926
741 77.77706491287627
742 91.0016724154659
743 86.19223055849747
744 78.7258698263562
745 84.46242916828957
746 92.89463115533555
747 95.520643058845
748 94.04090728302972
749 100.75112227059023
