0 85.10613070335464
1 99.53922590860195
2 98.76376890920731
3 99.25385829169129
4 78.36918600326479
5 95.10892152671579
6 80.07426426510136
7 87.15955254689828
8 95.05374294069149
9 98.42976331089989
10 80.52003860071426
11 92.43357020816642
12 72.72010072066318
13 84.47357841623378
14 87.22335692490802
15 73.64854251995035
16 77.03602710580708
17 94.1075488691857
18 84.06014901337485
19 85.8044387269361
20 71.71065155577472
21 90.53900864427739
22 73.93966522773111
23 76.09533065240898
24 77.0562099454849
25 72.71380318191862
26 89.6736372733234
27 84.35013818848225
28 83.19447602112861
29 72.84425838847426
30 84.84542642237109
31 82.24746129711832
32 99.32723842185109
33 72.50443453120747
34 92.43305184858
35 101.30720543821535
36 65.23326758515901
37 70.39619927452928
38 72.65269196977953
39 85.26900633144803
40 86.12318647841677
41 70.9190932661703
42 90.94654438131093
43 85.790191606393
44 76.6839176089182
45 91.24889766477851
46 87.94453352463628
47 81.08534000030615
48 93.95099022053964
49 74.77788695649946
50 91.20571955550608
51 82.84803545878032
52 71.64627618237448
53 88.73987153341685
54 84.78968135571854
55 97.1700203810887
56 73.3448171490395
57 82.39073181517391
58 72.70978159827168
59 109.34528329188421
60 68.12962651258428
61 92.34225275935712
62 72.5164519580228
63 81.13043082145681
64 92.97210121615838
65 94.2146335480259
66 72.87112774499931
67 107.66275176206963
68 83.87176448703995
69 71.88977820281083
70 85.61727503739736
71 82.86497317302116
72 87.05619774160532
73 92.60014627756368
74 99.5421946512878
75 89.37542577908376
76 98.76352806461563
77 79.63757853765567
78 70.42248456824785
79 93.74294969405604
80 93.6584486147038
81 93.36624603943851
82 99.71825721909094
83 73.00541236653193
84 90.37822571805872
85 76.19460378526458
86 89.32745886157677
87 86.40435710151549
88 86.98280313486742
89 94.56748514489374
90 114.55409081888789
91 96.0775658414562
92 70.07121753322456
93 94.06610354476246
94 90.8714506684388
95 91.91031751606609
96 83.78083427483845
97 80.27868280032818
98 73.92187830477098
99 90.89585649067355
100 109.40143471698327
101 88.29367433253523
102 87.03483020307895
103 72.71008307617724
104 84.35747931801717
105 75.57068973817177
106 80.9802977303463
107 85.03163958638613
108 77.54745728269516
109 97.53400622108525
110 70.76619114771394
111 93.31451101234505
112 86.2616627480029
113 90.58911408165466
114 98.33203214533675
115 87.79121468361447
116 76.66167557024
117 98.94884692067531
118 88.39309776484772
119 87.41427354597026
120 88.71890032822297
121 68.3815864189449
122 75.79703251812712
123 75.49871003621345
124 82.61072048921348
125 79.1145592876436
126 77.13857304844915
127 77.06426668763596
128 77.18084905913202
129 79.84117657018497
130 81.24020492795135
131 79.70979662264433
132 68.94894633738981
133 99.48791027966175
134 83.31579428920304
135 85.1876628635941
136 79.97743774613855
137 82.92576989646054
138 73.92185866264845
139 78.49334297804232
140 85.8341027060041
141 65.28092641824789
142 87.92558644376703
143 76.53267106829799
144 72.15145459407483
145 73.62894589234212
146 85.27171142496587
147 71.4255891858749
148 87.7463978463356
149 79.58406425229734
150 71.48123858088324
151 82.38864751178718
152 89.85755758990214
153 77.3753538670369
154 72.52801870416161
155 98.71356104900356
156 102.56342013121612
157 65.83794451494624
158 81.49068326521751
159 69.84649658860066
160 97.11071982607614
161 94.33003524620388
162 83.35845526255004
163 79.71221417124184
164 62.04058703141004
165 86.58728850948684
166 73.75213702742333
167 91.42414525500938
168 84.653852069748
169 74.02201072963224
170 75.59331995508586
171 67.15948451416638
172 98.96282394658839
173 85.2651542586788
174 101.62123893573639
175 108.12684862990997
176 83.63962023015654
177 72.71458837575439
178 99.31384358723767
179 96.82829280862686
180 90.2584804789827
181 91.59720813832843
182 96.86578711603276
183 89.38975729000032
184 85.59032390701782
185 86.63903220826009
186 99.10340430392984
187 84.57451995626641
188 82.62594982892855
189 82.9517279165686
190 95.55422041529948
191 86.1340737864236
192 97.41114004565593
193 70.24861130861218
194 85.74247050382218
195 99.3259664550576
196 82.950656280749
197 70.43669330345226
198 75.7786632620717
199 106.51332279569448
200 89.80235348212996
201 92.22892325193243
202 71.21149993571193
203 87.17247343096011
204 81.24434215638072
205 86.33131774353343
206 92.15965032799177
207 76.01335311139188
208 69.23861976048909
209 88.57394244929816
210 95.7094199320323
211 105.33125179084945
212 99.88309130289879
213 79.92077392591251
214 96.1930257485022
215 103.77743913634349
216 74.71400218384831
217 71.85497886995354
218 85.75543655723091
219 78.94626155303312
220 74.56551694604588
221 66.37599572218396
222 75.03528958215365
223 78.12937067735227
224 101.13775947613378
225 74.2612217673816
226 91.9939889028911
227 79.40523667232524
228 78.92122332256858
229 81.73771267323274
230 78.25209494408648
231 100.37185163746159
232 97.16021488709966
233 90.16557141814204
234 97.22773271777916
235 71.23003896083564
236 70.34671034328122
237 76.90566920888864
238 85.14011466626938
239 86.6619976627424
240 88.01139037692623
241 75.38261870475944
242 75.80683488699542
243 93.25684400509377
244 69.5146906987581
245 80.48219561758725
246 92.51102250297802
247 105.32343405913261
248 84.12803120547109
249 91.59910211720974
250 87.49124371083643
251 83.16538301017216
252 83.76113278343786
253 88.12718888797669
254 73.87985827830893
255 91.0283082729837
256 61.60405837931037
257 82.13254227253026
258 66.90241552836676
259 69.87834666620529
260 62.47202956742589
261 75.01445569352346
262 68.34526115657735
263 71.44114151370954
264 66.66860483863483
265 84.15498073718851
266 74.97388812808714
267 82.7117478587695
268 68.67591364399749
269 69.68665871016645
270 80.79689458058647
271 83.02112075905966
272 86.00894846967552
273 69.89736705915354
274 94.01161083639612
275 79.79005755831788
276 76.06212083083156
277 81.47639372449821
278 82.09068848260988
279 79.8529005450817
280 88.28004589349314
281 70.16128447662147
282 70.23390513660827
283 85.5049839340762
284 85.93777539373428
285 68.4315445055091
286 78.02068467707211
287 81.28673508670613
288 81.4245600380441
289 82.98525191313368
290 81.72001699463054
291 82.03840509650075
292 85.11028701570571
293 69.1295662571305
294 104.15464603746686
295 87.63302612029383
296 72.10708783399855
297 83.13497850728275
298 77.2889423227136
299 72.0252118423183
300 96.05941608377212
301 86.19055322836473
302 79.22782235039969
303 91.96488639945638
304 79.91213796320997
305 76.92668069855657
306 77.17873828033439
307 90.65279050741614
308 92.42710531205985
309 71.32380706580513
310 81.76834838291808
311 88.08179251889395
312 84.62199786894492
313 86.50665118646442
314 78.57568438685719
315 81.61818102412674
316 82.47127913009116
317 85.482895616455
318 96.24051582796365
319 81.05441383150801
320 99.63002746801706
321 82.6029740700264
322 88.58734744594778
323 83.10790990993775
324 106.92672877076208
325 83.86738122954364
326 89.5913428452448
327 89.20014177292379
328 102.89744938123827
329 82.51536329724652
330 94.55372246161146
331 79.42332133071874
332 79.00794195187322
333 66.13574012391123
334 95.07154112598333
335 88.25366019201343
336 80.01104701168735
337 63.742153843172424
338 103.48882426380435
339 86.51178859660222
340 94.47361970160064
341 93.5408245842587
342 92.66253252403818
343 79.48805523556507
344 92.23066208962376
345 81.41851873128887
346 80.044661373386
347 84.13580800192695
348 82.64055418118073
349 81.43924218207003
350 88.3517600793738
351 91.6995830339009
352 80.69780018633575
353 89.51475463988376
354 90.40322004360628
355 60.91279271484831
356 64.23305884747846
357 86.51334151523727
358 60.69984933514913
359 90.61864258491565
360 68.42938177257604
361 83.78304917891565
362 75.10728016485551
363 80.3812218462027
364 95.8099143503382
365 80.18696732619874
366 53.26975518954032
367 75.41744133109273
368 79.41901043526575
369 77.6046588472535
370 95.24201963580497
371 83.3782460137432
372 74.56634186282469
373 94.56406322114715
374 91.06408460911715
375 72.89179548863329
376 75.27388077468095
377 84.03740112140342
378 61.88591218741423
379 75.40273444307894
380 78.15596682951286
381 97.17789161282056
382 70.48459807257798
383 98.43221313588595
384 88.51267091407287
385 101.61321766675613
386 82.8153661777706
387 77.22919173289802
388 95.74938441171135
389 101.75494329933885
390 77.9501659617049
391 87.66887048234689
392 93.24753573079255
393 93.44563159604782
394 87.33173633659842
395 73.93006380583614
396 102.16288060789005
397 82.13704312567026
398 56.527158369626605
399 85.36151744986576
400 69.16552834710853
401 76.85530570411281
402 52.457178231695835
403 77.16788129270434
404 87.21295486376741
405 78.62614743164094
406 83.95933247557466
407 88.03354048899577
408 81.90049688173899
409 66.48864535551839
410 68.11103772570043
411 77.31758670898247
412 72.17893165325445
413 75.11063255602542
414 68.54359554830081
415 102.32331373271025
416 76.91881999115257
417 66.01486812522477
418 75.28618429533556
419 78.8791426252336
420 78.76797250020226
421 50.35407950143555
422 65.8669685026704
423 91.61058287258649
424 92.64821966190691
425 91.1124344246443
426 76.98868207460214
427 80.15423477283387
428 89.75990841026713
429 101.76258811104783
430 74.19152498473827
431 78.8495860332255
432 76.33136305555352
433 76.81718351684653
434 82.07934538380232
435 82.59740483635562
436 82.14842635564652
437 82.1538089580983
438 94.22540667594146
439 70.29658400293431
440 82.57271692846749
441 78.67897891554698
442 73.95942422715875
443 88.32778213474096
444 69.61307762585717
445 71.83874101223024
446 54.26022474206934
447 84.68065825301215
448 100.87304281539073
449 91.60028116839457
450 64.7425971145736
451 106.77114704323247
452 95.91553224481916
453 70.64347780487131
454 73.18626562259627
455 69.11817172134145
456 89.25442627832398
457 87.26050574060545
458 84.35918240702547
459 100.01862425769137
460 76.84624477596958
461 48.570566467923534
462 75.93620668092444
463 68.30966985691904
464 79.2840234586153
465 88.00991399960527
466 74.7176263628577
467 66.28330024124418
468 109.58871918971674
469 84.25746591036294
470 73.59034537300994
471 95.48779357877319
472 84.68928462418053
473 66.76072654590284
474 81.72048202215004
475 78.69598591141255
476 83.33196804320843
477 62.536634102077095
478 81.20864638130145
479 60.37843383666777
480 92.39815862499259
481 83.21173276842451
482 98.19182665062891
483 83.25740297425806
484 82.9075566943186
485 71.42494085444498
486 82.9444315742867
487 66.2660568657496
488 95.42244026046599
489 69.25105763197269
490 74.22250991499438
491 95.58484291694504
492 88.58575458078464
493 77.93050122837823
494 83.72794221812704
495 96.69657277078439
496 71.18577055475015
497 67.49532623235297
498 80.98522722045973
499 88.93615716281504
500 78.79335698759412
501 84.81063470925163
502 92.67624533926737
503 79.45550290386126
504 81.26576352055956
505 96.41235779167056
506 86.40023850511457
507 97.02309613901467
508 81.930335034034
509 101.40751802871216
510 94.8207344393183
511 97.80409450310596
512 82.78567363125451
513 75.3737852627097
514 80.15622705945925
515 87.31832058864082
516 72.96490915487792
517 82.68236745770221
518 78.16554370550594
519 90.4604880387097
520 72.11070297651213
521 92.6969106731853
522 75.58863676381524
523 94.49334134724175
524 94.35695890158055
525 77.71150410708631
526 70.72240410563187
527 92.5661609166753
528 82.07415919825665
529 61.72959809061809
530 101.21056090128707
531 70.93010875635053
532 89.96381249922084
533 80.8216287871633
534 102.62281573404924
535 95.67562196915893
536 66.68150703062405
537 80.0901451320992
538 86.5350751417677
539 90.37750702499511
540 98.85113556450108
541 83.78672781905357
542 91.1565229112596
543 88.13183836444794
544 87.9389982331309
545 86.56775018350596
546 88.06527184617252
547 80.32618185640047
548 82.65550868928844
549 84.93914858757678
550 74.7100306213821
551 82.65942269759738
552 94.28138015767314
553 88.44613210949908
554 97.06504690532533
555 89.85904970856986
556 78.09997020534269
557 95.31606817268582
558 74.15432320526655
559 79.2010051766482
560 79.8051952892584
561 76.5678660127915
562 91.59930258968244
563 90.51878312180484
564 77.97537994026116
565 76.85541318251535
566 73.06187016094587
567 93.49455517032084
568 97.33592075610365
569 84.92693372073246
570 73.93360244174463
571 97.91703219940874
572 85.7229849359953
573 73.14567592072999
574 103.95063196977145
575 79.97285271655261
576 92.56827382001414
577 96.06506376828482
578 104.28968797671607
579 81.25570680209078
580 87.37848591180557
581 100.17133484651492
582 96.72795098639556
583 90.14266457142581
584 85.34865801594201
585 82.11268334121885
586 82.32744092132047
587 91.27658042934314
588 92.80539731945368
589 101.17160694251469
590 86.13502659823179
591 66.57748123589832
592 79.70968965056734
593 80.15780701413571
594 81.72378321623256
595 89.55753090526298
596 83.18760444878177
597 90.22590894198784
598 94.02825552570411
599 74.67734204239459
600 88.91130765879913
601 69.50901021026908
602 86.56753966490199
603 73.44845481813094
604 86.59910265476704
605 74.40325607429094
606 83.42198630152758
607 86.86002842729697
608 93.59410977661203
609 74.32629730367475
610 81.37269151943352
611 82.71364958432517
612 74.55324105922739
613 89.04266927142832
614 79.40977858411544
615 83.55284650433958
616 87.35986969569917
617 79.60545247053122
618 97.58947922330879
619 67.78661530662285
620 76.24865928041075
621 82.02209612505105
622 83.83799759933655
623 73.99552738812086
624 67.33304142848857
625 69.60835535464976
626 82.41104155368943
627 72.80642469193371
628 75.00357328054477
629 89.56004905607847
630 83.00263420783271
631 52.0137544585891
632 98.06614293224878
633 47.2219559753726
634 89.11700868111268
635 89.11803985830647
636 77.67349249993154
637 88.13474558435284
638 91.00593781695291
639 80.20453715796995
640 79.37568313601749
641 78.47352583113761
642 80.29096841054998
643 76.72196039027469
644 81.79713598631399
645 72.67818140383852
646 75.91213695932998
647 88.21790478533057
648 88.2864922349614
649 74.64490908902691
650 76.04420715196504
651 73.19730809585047
652 82.95458381678439
653 80.03359279451236
654 79.27067429489122
655 77.05868905922544
656 97.79595802516404
657 83.88899274863653
658 82.73847230540176
659 85.38652255042993
660 72.69765786182951
661 66.37551859895471
662 88.76986400319052
663 92.33381742124531
664 79.07938038786405
665 85.93254302647294
666 78.62009073241387
667 68.51855647159856
668 94.05914731891423
669 65.3441412820967
670 87.4394715659139
671 85.59960794760947
672 63.7944246763465
673 77.50486131580251
674 85.14021910172445
675 102.21560143970119
676 88.41201578492263
677 74.73470822384131
678 79.32495645288549
679 87.44685630346699
680 75.22216277695563
681 78.49988107759819
682 96.87176747176763
683 91.90100909506111
684 86.21313969595639
685 76.24180867237956
686 78.94200217545918
687 94.75329834557331
688 91.96361605430725
689 86.42483780341189
690 85.3288269444008
691 65.42633012845644
692 85.23345642909234
693 79.02317570129584
694 89.7481397932013
695 90.39801149480276
696 67.58303102493463
697 100.04435760679955
698 72.50551255831232
699 77.94600484473897
700 98.89034052430141
701 95.09435563487526
702 101.55250509047092
703 78.9004481435449
704 75.89265643101177
705 91.01885334506446
706 70.89534997660199
707 90.73854976944627
708 79.19542398733385
709 92.16163075448159
710 94.61462527601132
711 104.84066959902876
712 89.95502715448816
713 76.51580103878888
714 73.68482415184563
715 84.65543897356865
716 87.31892803647364
717 101.15817933994326
718 72.62083121176114
719 85.91459483507082
720 81.57295324763932
721 87.92254232274999
722 70.84261358745442
723 82.61814990154421
724 80.00024276231018
725 95.8518253134891
726 91.67747649547836
727 77.65750974859895
728 80.62439013174476
729 69.93240350037769
730 81.35504721522716
731 94.18042539359958
732 98.09096262395457
733 83.00195238757661
734 75.53977583002896
735 76.7099606129217
736 81.32426918651285
737 86.80172821373348
738 73.18320798904463
739 104.58239755652846
740 67.42787452096826
741 88.53756199653407
742 74.79801552618959
743 84.97592908406759
744 78.50666401398804
745 94.3475113887057
746 80.61432088470255
747 83.87299461452578
748 78.64362824235167
749 60.42372835988481
750 84.8519868267768
751 67.28316691413512
752 96.56606497701017
753 104.13688966504303
754 79.7960176228648
755 102.5090949958537
756 81.28849230159705
757 97.84944826027649
758 88.87251904166558
759 81.34808043567288
760 93.76269341974175
761 87.64663769159189
762 86.11333526071135
763 81.54116824319985
764 81.75906266187981
765 95.3740425527814
766 99.32121116511145
767 68.63672452612691
768 103.08674112830687
769 91.27289016749943
770 84.60152259191742
771 88.10490077320887
772 92.28045192680868
773 86.91023211431337
774 87.85508791997373
775 92.54209276151894
776 88.37854002636334
777 73.06938267510415
778 76.82955333220889
779 92.13886693435725
780 86.35425050753267
781 93.50175283798256
782 85.63350296620511
783 83.07840988434346
784 89.60199526819413
785 83.76223704523328
786 87.58514171253788
787 96.46510403437873
788 77.21056005784644
789 81.68286519347849
790 75.8738800706636
791 87.93723672510959
792 82.03653301498088
793 69.85918626636276
794 76.93915862256172
795 75.12451627677508
796 100.42419294363481
797 77.9033382866393
798 92.17674620998321
799 69.02619779696172
800 76.96307871977747
801 89.85423813628194
802 71.43409523693943
803 70.02887868321167
804 86.62863790983626
805 70.73060321149971
806 84.49973673237413
807 96.31460698256454
808 79.89657127106527
809 90.25686730711381
810 89.23103978542429
811 92.20833667108434
812 88.81196080994343
813 73.66047954556302
814 88.28391638042616
815 81.49697821743925
816 84.24407132174687
817 76.9402116378798
818 73.58126380235652
819 72.05509029706438
820 83.63529303560304
821 70.23755255076298
822 85.5116248109038
823 102.95583450591508
824 71.66188896382648
825 86.86388714670319
826 87.81966211622556
827 75.95825961381958
828 86.49908847345277
829 88.26077834435635
830 80.85420283909329
831 93.36105660187711
832 79.34866767895933
833 98.29010435648648
834 91.22524600621442
835 98.87613297900408
836 77.49023663792957
837 94.44555522448906
838 92.27899692072886
839 77.69136993555152
840 78.01948778815645
841 93.48693883549574
842 77.51439694443086
843 82.40187114271613
844 70.1257845390922
845 83.46790413114692
846 84.67766997420111
847 76.67461523562598
848 78.45320220761386
849 87.22001809533226
850 92.6896980683686
851 93.76664793569743
852 99.28124290761018
853 102.81673146910202
854 82.11551122931898
855 84.96383128138663
856 93.0415953185715
857 98.88877249923344
858 70.75440543646317
859 69.79869312595125
860 69.17463699399136
861 85.5459914035431
862 85.11399459948588
863 79.23298211182083
864 86.14996143998273
865 69.53051268882298
866 92.31177173962307
867 105.40169830359011
868 83.56814802669906
869 110.55271825378995
870 87.81486738579962
871 80.67854694502405
872 95.2460345978045
873 83.16910991416883
874 90.39832644465172
875 84.3931667099611
876 84.49250078654961
877 83.89895988755144
878 80.13625486832103
879 81.41682435577486
880 76.80142563048082
881 82.73537701705672
882 78.30700976877958
883 72.51796311798749
884 90.88623549712614
885 85.38126328779887
886 85.60173965617403
887 89.41620492705681
888 91.63437062604288
889 78.97232342285756
890 79.39773534971597
891 74.43984249052204
892 83.89578594906907
893 106.9808471778549
894 77.69218683103391
895 100.14515477953556
896 93.15633276406672
897 86.99053088974898
898 79.7356777627799
899 73.05116827273197
900 71.61314409129182
901 50.60291441900448
902 85.38295301932611
903 81.98482905209103
904 93.55074688779393
905 73.53158617313359
906 84.74446914164761
907 74.54187647104621
908 86.45265633552063
909 73.88998691903427
910 86.8527637277017
911 96.73804293854583
912 72.65339382772376
913 72.86441524896131
914 74.60543584244208
915 71.70027908214203
916 79.42693465279076
917 84.0204882206315
918 58.08864766631301
919 72.00725330428396
920 80.77027316504845
921 84.90035942202782
922 88.62464092606345
923 94.48959161845326
924 75.0924888537974
925 95.37794132769608
926 96.0948675069562
927 86.50196670472793
928 86.8728879689039
929 94.06502893304963
930 96.74405015363861
931 86.75212731800858
932 85.71560786817713
933 90.06224443005931
934 102.17881794298131
935 100.83460247274341
936 100.00585914883249
937 81.3587276166548
938 84.48591965661217
939 72.64875224739745
940 89.84521667840055
941 99.53118299878292
942 92.89253299330724
943 71.20792716378844
944 88.41267989660598
945 87.91327587408503
946 64.91080370936271
947 76.60990973120937
948 77.44886973659624
949 90.89947959117056
950 91.86072798951504
951 82.9780103429909
952 75.7635288546525
953 81.3938845324033
954 70.22816447661414
955 72.40328761262545
956 75.83379823708322
957 71.46767153303294
958 69.71620670515883
959 86.01326165976373
960 81.70420016372289
961 81.8216641751753
962 88.59125889815056
963 80.75050881806466
964 88.33431223599565
965 91.09983917940428
966 67.58345956404297
967 100.80331157904938
968 89.68860544269188
969 72.85426335685383
970 74.7522911704567
971 85.84649025690527
972 66.14914573513057
973 84.0548351290521
974 83.44814778674522
975 88.36762293707935
976 97.12992101410646
977 74.65326899991706
978 81.94055030248292
979 92.04048324217494
980 91.21320131243696
981 100.8055311492273
982 84.30309724256892
983 75.95151020291044
984 77.7184226868768
985 86.3211862882431
986 77.2415652827175
987 102.11492525731042
988 81.85113564629668
989 96.94193392553595
990 92.80186377910637
991 89.42753558157682
992 91.4315908923466
993 118.11923893645793
994 84.87396191907186
995 87.46925942186394
996 75.26723854847971
997 88.5906508999013
998 99.76746419842956
999 70.55113434807777
1000 78.9456504562195
1001 77.24123303835249
1002 92.32083459854165
1003 94.0652680520642
1004 78.9984483367603
1005 91.92159507728239
1006 92.81852295869479
1007 69.84613490697623
1008 79.81611483690911
1009 86.53156052198756
1010 68.27997496833818
1011 71.22427369957784
1012 78.46780542206655
1013 93.61362721403835
1014 73.45100257944146
1015 88.25853720507871
1016 75.95482087889707
1017 70.16164822788112
1018 90.62182671269531
1019 89.40231495032708
1020 69.12238393533644
1021 101.01496759788479
1022 85.39206435647337
1023 86.776835484236
1024 93.14288926606385
1025 78.63194274685209
1026 81.65234075694434
1027 82.97425511383774
1028 78.87933498240868
1029 95.14144154487607
1030 83.24649797780792
1031 94.6824961050267
1032 91.59087116932292
1033 79.05091824317469
1034 74.42344849460775
1035 70.95225940158917
1036 89.34036079622112
1037 76.18853661997815
1038 92.47979758950774
1039 74.64677491572515
1040 87.35164266323248
1041 77.41683031263253
1042 81.18894366709561
1043 89.93743554114369
1044 91.81931836459391
1045 87.97475828989907
1046 79.91771446198179
1047 71.81792735119915
1048 77.2005276693833
1049 74.4972636458638
1050 93.48754864111407
1051 86.42961937999365
1052 84.89952580579595
1053 84.11970741169502
1054 75.16426129530582
1055 100.08658067014404
1056 93.45665362843326
1057 85.79942628855194
1058 75.36537107045868
1059 72.00028865592053
1060 112.03432602673792
1061 82.9596339032752
1062 79.7616112850141
1063 91.1625019210222
1064 94.92845373543365
1065 86.98997602639842
1066 70.50260902731073
1067 101.35754697020792
1068 78.89682957059905
1069 79.10582430716852
1070 96.57323749818387
1071 84.53150972817136
1072 94.80261937847486
1073 101.94309526204887
1074 100.6819175325364
1075 80.29142765388329
1076 99.94831890309767
1077 101.10879706927047
1078 119.5558212755295
1079 92.54864665328685
1080 59.77427586382156
1081 69.38760829792477
1082 83.73376411149283
1083 88.13800725535428
1084 89.6469648206093
1085 89.81644815207868
1086 96.76138586851377
1087 102.12944737642091
1088 94.65604722277719
1089 74.33271819589658
1090 85.54896420278814
1091 84.17055653767163
1092 77.99272436676098
1093 104.89407096127725
1094 77.5218237209222
1095 91.96124987097332
1096 73.85846408184324
1097 74.57115007858528
1098 100.1384952367358
1099 83.93157843972857
1100 92.63038225405704
1101 87.1334672413773
1102 93.30370770834585
1103 81.48362647908858
1104 95.74876919395307
1105 87.80728835599481
1106 93.66190451341846
1107 95.23237970152988
1108 76.23340465900763
1109 89.6169970854184
1110 90.09932273950795
1111 85.81880373955507
1112 71.47397433672975
1113 78.44070678496593
1114 61.50960594490114
1115 74.13478250393374
1116 65.49192021879608
1117 93.6214643816432
1118 83.15317468890663
1119 70.95288312265171
1120 73.51233167541723
1121 102.51015132394143
1122 96.44116016246754
1123 98.01928973511612
1124 67.89385829041238
1125 91.90360034331444
1126 66.93832078621553
1127 87.06001741691647
1128 91.12528902076699
1129 74.11901793102692
1130 85.74282023050576
1131 98.06826541072432
1132 72.0817864032023
1133 88.07872453558471
1134 77.91829370351468
1135 94.68526366027645
1136 84.27351208563336
1137 108.89069278328178
1138 66.69027209492639
1139 74.72233989173274
1140 87.49265956933998
1141 74.42234930570069
1142 99.09748971871154
1143 83.03671993184057
1144 89.17019604916423
1145 66.22310420344589
1146 70.94743812380077
1147 72.58845417146037
1148 93.83839315444561
1149 81.65743756118844
1150 83.64762522557425
1151 56.39623717294595
1152 79.5007504347162
1153 96.69010982275385
1154 95.84004689172116
1155 79.8348740011648
1156 90.12519082523592
1157 74.3472247764511
1158 59.476582118295845
1159 76.99612921008443
1160 75.23667098970611
1161 68.7034873680235
1162 75.22888657833832
1163 83.63390467957012
1164 68.02606604356134
1165 72.74927126525131
1166 87.67869765585927
1167 83.3982112653692
1168 84.15210892468063
1169 56.08239824655716
1170 78.47742136780765
1171 80.51113071838292
1172 65.67780651402875
1173 83.56650827025622
1174 85.34815843526464
1175 81.53668772100134
1176 97.4532335289766
1177 91.89573620805358
1178 85.95528067298295
1179 77.32865840402786
1180 82.8978981766365
1181 70.83529503406734
1182 82.05812273135045
1183 61.99957759483207
1184 84.7408391317302
1185 110.53081076911549
1186 89.18221641616398
1187 66.1640708481612
1188 78.01172169960564
1189 90.65130729131714
1190 73.73567896683896
1191 83.81993713206856
1192 82.19054896606174
1193 80.82026028029523
1194 67.64350183733936
1195 85.82945682580977
1196 80.32162671036804
1197 89.8671176552017
1198 79.31299848774538
1199 84.79617374654339
1200 59.866277059443206
1201 87.26914453622862
1202 79.34271174418107
1203 81.20251187029685
1204 83.42566913172809
1205 84.48950500487236
1206 80.65878046299459
1207 68.93081703431412
1208 77.6529738811513
1209 81.49768387784214
1210 71.78617765927567
1211 97.47017042971088
1212 96.068517929921
1213 82.84643376165872
1214 100.47297604112721
1215 89.93346794988047
1216 86.02329785273173
1217 82.2921917876733
1218 72.60889494601092
1219 77.67453190157113
1220 87.29819243365058
1221 84.46735057961328
1222 73.37767575859101
1223 69.43247281446514
1224 84.99117743591916
1225 83.00793507112351
1226 91.87864411825842
1227 64.57811719875312
1228 71.98915702269875
1229 68.4866123657185
1230 76.6645196883201
1231 92.53014150751798
1232 67.4054054721069
1233 85.2694499090338
1234 68.65456071772792
1235 80.76423479360447
1236 77.9604312803591
1237 87.29578046845562
1238 83.83813143218697
1239 70.0343555557122
1240 86.55717640242281
1241 88.143170351557
1242 73.08045146284185
1243 75.96089905889052
1244 77.78126358829282
1245 90.16440313174617
1246 80.83438270206706
1247 79.63109685310043
1248 94.04480897636618
1249 85.2142017812599
