0 80.48752962115407
1 73.1186696670221
2 70.62676851666177
3 69.07396483084665
4 60.78141454029084
5 74.25958767119874
6 51.91495017516344
7 50.7654110610291
8 78.57691993769104
9 68.08291620766546
10 75.4387188341169
11 75.00145628220676
12 65.33922900914395
13 67.23362184044895
14 57.387799350910264
15 60.308304171831715
16 76.73673446133279
17 70.55262588431609
18 75.56977800700561
19 77.45043488122546
20 77.30557573898098
21 93.30178894663402
22 65.25265753604148
23 64.65666562969564
24 93.49448018014978
25 48.11959132182972
26 69.77607848741545
27 69.75258358767128
28 65.67882890902396
29 75.13933074708861
30 74.57720810575475
31 65.21144701838827
32 68.35417058409497
33 75.74187229214972
34 78.63721427898791
35 81.16530310207126
36 52.63840061422627
37 76.61576817532129
38 77.35893685998502
39 69.83855777735765
40 78.90402291685349
41 63.30299234459208
42 74.1257114952073
43 67.92213951279335
44 76.1281569054655
45 69.27254910314684
46 93.38603216586687
47 72.15385664242066
48 77.99459242050517
49 67.48250857713212
50 57.5295655006804
51 85.71102609184169
52 79.90255167021466
53 68.01885143260104
54 82.99455542822058
55 69.90222759345565
56 73.83616160217589
57 72.78744443502694
58 78.26685896349592
59 59.54609592370907
60 63.42518499539636
61 72.8287706833428
62 66.76065324845514
63 70.57555179354729
64 92.8774638336026
65 85.96724930574433
66 70.5965538936205
67 74.70109912278036
68 91.31243187795648
69 67.88599506330317
70 75.04034915962495
71 65.43046344816423
72 82.66798922269122
73 87.14792442695264
74 90.25384314430647
75 69.04764842987038
76 71.48138211790952
77 77.49691153291666
78 67.83898887544183
79 72.77790989658429
80 58.09299967670759
81 99.14000383289952
82 58.27140735977757
83 72.44527446591765
84 73.13470972053123
85 78.98422764494785
86 96.30682262516633
87 81.37210950230956
88 69.21595148522715
89 83.63002913040683
90 73.58966851061602
91 81.64552228709793
92 85.28163238544342
93 95.10413468121597
94 62.6147781322813
95 77.39882899081886
96 73.69434576244569
97 70.82812370702149
98 63.27204212949877
99 72.58128652470535
100 74.12039212195931
101 76.74159870179625
102 76.34199607306016
103 69.26654892656249
104 74.4079480472603
105 49.54921195028187
106 100.06138296787749
107 80.96653074923569
108 71.5236405771431
109 65.35406285070405
110 69.77261216917161
111 55.82844741783795
112 69.02380884290774
113 69.34334097817457
114 63.48934322596672
115 93.62174360583096
116 71.93369136674166
117 74.8282482478706
118 70.00868875194467
119 85.83293279578025
120 73.88301381620361
121 71.96909294451324
122 81.07432928741652
123 68.8670631263819
124 74.79183461524153
125 67.6873519841429
126 64.76366909504331
127 90.39268106981798
128 72.05846100966781
129 85.68931683819382
130 64.73208392978312
131 68.74305917843056
132 81.76755427329934
133 73.76226793780836
134 66.37855216157513
135 63.861183483892695
136 75.16566563064477
137 71.11587484502417
138 84.05652079196835
139 78.13549968381587
140 73.70912204523427
141 77.84496753537317
142 63.76991209409975
143 81.8849419889362
144 88.6939711442228
145 79.0833003809298
146 74.28243703428925
147 65.01597046498506
148 71.22362815937238
149 72.12375489909036
150 57.296844437244005
151 56.32135095678377
152 89.78462549227844
153 61.75582911755484
154 98.3915800121702
155 95.20724844965667
156 69.06226324650153
157 72.71646580517941
158 75.79435354390867
159 66.35160475933216
160 57.516163962749665
161 79.22249105258963
162 50.61159984133624
163 53.6788315935222
164 66.64662837025132
165 73.25113540741607
166 76.27418599791078
167 68.26505608782827
168 66.7280983594327
169 63.91776102730102
170 65.72045532978622
171 68.20265129981595
172 66.88230651906836
173 71.25627665557992
174 91.98027252593052
175 69.45013340245488
176 62.221332204424705
177 91.17168924201415
178 69.66220811554358
179 81.7671514147911
180 73.61801126298711
181 66.81147861749182
182 74.36478426409793
183 79.04744228554206
184 70.48026025108621
185 75.7288936320868
186 82.31010492509908
187 80.53969632999512
188 66.62490357786902
189 68.56642120469458
190 65.95529604255186
191 91.56412928650464
192 77.58905426596827
193 67.3561271547177
194 71.37449163455305
195 78.06642245979998
196 93.32831011311141
197 78.18281452148521
198 86.58631343181449
199 81.38512614674329
200 78.94731662466472
201 83.70522432477163
202 89.8728803984675
203 49.62490996781841
204 81.08941111198942
205 66.67482848769285
206 83.64778915694485
207 55.18467789163129
208 84.02101339303391
209 76.02889194667716
210 56.67600664923357
211 60.499089001599295
212 76.39643636831325
213 76.2764503927956
214 73.32751316171945
215 69.80261176914682
216 76.91849980675129
217 91.48558644527267
218 84.98209657346794
219 78.47749136029358
220 64.94799845330012
221 71.99305103724907
222 75.96359550603694
223 52.911655424487144
224 65.94882939960895
225 79.06771145509364
226 83.77267040933162
227 67.2754608353832
228 85.00250369927014
229 71.56092979943627
230 74.29966809968484
231 66.67014137366996
232 53.8524835908331
233 42.197134827680166
234 70.22984694179459
235 56.92317005695155
236 68.77231487201513
237 72.08108792101049
238 70.06733371146039
239 74.75896910280153
240 68.23922417948194
241 79.67128646597139
242 63.21707243329336
243 81.95835232698799
244 65.21658717137475
245 62.36090994266873
246 73.96448441208148
247 60.31944424001384
248 82.98231400627319
249 76.30988003598341
250 47.47133313116951
251 88.01304275322393
252 70.9417637359347
253 78.61838396236224
254 69.52076661698905
255 84.79145793725593
256 55.607120081067755
257 81.02855886283382
258 73.58094728269754
259 76.7057239983662
260 76.51432501883171
261 73.71342667247328
262 76.92082149646602
263 67.99716007921728
264 67.85404406790518
265 78.4565221427834
266 75.18091873928701
267 66.01770200356344
268 67.18849841933525
269 62.76324240371375
270 80.67862127091566
271 58.94327746337669
272 72.07745160991311
273 61.44614874666879
274 79.09126424160763
275 85.78646840416478
276 68.74873995172264
277 62.8054125976033
278 61.93269802454002
279 62.769974440925836
280 91.3971909949637
281 75.98391483793695
282 79.27421192594845
283 77.55564185136059
284 67.5554292439701
285 61.10409077219032
286 77.11255582001215
287 69.95379246196583
288 66.74676358227308
289 76.80658499767222
290 64.1172926001119
291 84.92825776522302
292 84.32954622474793
293 75.81265012535034
294 81.51779297077026
295 59.86544488664967
296 71.45998563633269
297 90.3235554888903
298 73.15187199923825
299 83.82477026109491
300 72.18255830746065
301 74.14081829337346
302 73.14387920631069
303 85.79560652184276
304 76.56247275776907
305 86.6550361130589
306 58.70966820373203
307 74.29454460230235
308 75.20442039957909
309 68.99043444348953
310 75.45449475068162
311 65.28098498002528
312 60.944852790595895
313 63.927865319184036
314 94.1855563673594
315 52.88531643561081
316 72.07675534469529
317 72.51461243237296
318 56.27791775802399
319 93.4222864759258
320 60.063952690399894
321 87.47914251379169
322 74.75581836440408
323 75.33348977420877
324 75.97944657580595
325 58.02959987774453
326 66.39581250300897
327 79.8762289372656
328 69.7731244293669
329 64.94596817671508
330 49.89232348642262
331 72.71454076721
332 68.76095364853748
333 81.38927891373291
334 60.194572728632345
335 77.99022442467617
336 67.57305709341351
337 77.70132028210794
338 78.98862113301982
339 81.86118105286089
340 85.97882047828706
341 69.0896913290658
342 83.25654019057198
343 73.07126298051458
344 71.57036575824672
345 71.51840061732057
346 72.42344498201781
347 77.71948604421823
348 63.6382782721297
349 73.00135855773176
350 73.63437834719898
351 62.156170825244544
352 80.73604807767153
353 56.85354655526261
354 78.38645578824578
355 67.24864177046348
356 82.4075176518956
357 65.99335050477073
358 83.05012658503456
359 52.71801052149835
360 79.40965749778688
361 75.44381974326467
362 58.90713195430199
363 66.53103621279251
364 73.00612688834627
365 71.7151666707877
366 94.53386179244345
367 57.74394068129772
368 71.68891731564987
369 77.16584111709427
370 79.49200689102088
371 68.88402288229744
372 59.82735787069282
373 84.02695673023446
374 80.95048417554983
375 51.052516970756024
376 82.08917770032558
377 50.09704809973228
378 73.56376623420084
379 65.89207877481768
380 75.306926656418
381 65.07403181101333
382 84.81393001006727
383 70.6732806406832
384 65.36784374158417
385 70.22952752446834
386 74.07906564050843
387 77.5525106923612
388 87.8971414225807
389 69.46070698553568
390 76.03349908203629
391 70.5527880475309
392 95.05113076186831
393 80.19886625139767
394 67.75782264289667
395 50.69634635688781
396 82.79651165279708
397 71.82691683015182
398 66.07149050196266
399 69.88946235014365
400 51.30835908242815
401 87.15996554143265
402 71.17457406669219
403 75.3075391968418
404 72.18949994849775
405 70.51025143271866
406 66.91999786630707
407 76.91751431814554
408 76.9469091309644
409 45.91404365051401
410 77.18295527651549
411 56.25220211726508
412 68.70440818471381
413 64.92433232457189
414 67.18270242038786
415 59.98621097009844
416 82.6458855318538
417 76.68621467239906
418 75.70245725111083
419 67.29787600200908
420 59.48797738990923
421 66.50435981779444
422 68.88763544723876
423 69.18170983221671
424 82.27064100431825
425 70.25739181530889
426 73.02439440295569
427 61.5937988120573
428 78.45361749877969
429 67.65178186850963
430 47.82249374401023
431 66.7619193153598
432 61.05665579417622
433 77.00715458671974
434 84.5305605658175
435 58.43218157738644
436 63.4458375019649
437 85.2746166236806
438 67.28617503322508
439 66.70225006204377
440 70.71134035547577
441 90.008735157649
442 33.5966099680798
443 74.01015396559268
444 63.89429943172008
445 64.78827589612904
446 62.54626284902416
447 93.65661055605138
448 69.25403964801383
449 75.98206723590569
450 83.88317577054177
451 73.15246599325356
452 62.071477067354294
453 88.99465253308496
454 65.52974772610654
455 76.24105731461972
456 73.33872117360704
457 80.0845644712735
458 86.13190447477109
459 66.91294170132822
460 78.88800840513012
461 61.4398740853265
462 76.49326024906863
463 75.67753515805883
464 68.03167736919558
465 84.72138699987173
466 89.13583171642901
467 65.91280605937928
468 80.18846659654331
469 70.81503595521366
470 80.5060194174916
471 74.695917663705
472 66.11531651765709
473 99.38824996202547
474 84.6215683802931
475 80.0749613550664
476 76.8327795928407
477 74.2110229700806
478 75.72529166956402
479 77.94052587854723
480 94.30121640186952
481 71.2454233412092
482 68.26203675230695
483 74.06802169601976
484 72.90128416502719
485 76.60285993562493
486 77.6877422701706
487 66.32285927063242
488 85.66790861321965
489 67.79121277031815
490 98.12749064173978
491 90.30425187780854
492 75.31831058697769
493 100.39612466763086
494 61.007800854353334
495 67.31766138780588
496 64.0676153190679
497 106.2536492524939
498 52.31225758923947
499 72.99272442042562
500 74.56381307611906
501 80.03100161657376
502 72.0873473585655
503 66.8041622652304
504 61.093294670395075
505 56.5966648369869
506 80.54939916595153
507 71.59470127874641
508 72.56615001185943
509 58.33743424079718
510 77.20412145831746
511 54.10710971728271
512 67.46477174036018
513 75.23027978849912
514 69.54209914675465
515 76.93984772218002
516 78.16112817392494
517 58.68986590169941
518 72.50481739601307
519 75.79946809962107
520 78.9403660991515
521 94.68914466127855
522 93.41674162894924
523 78.01778975294508
524 72.63040456326763
525 68.08931898133439
526 80.15139195035574
527 78.68162284559692
528 70.96299117035917
529 69.25641448544148
530 74.92822170481885
531 66.59896257006015
532 84.44534002572153
533 57.679277346950514
534 65.41519077628556
535 83.70124538002193
536 77.07546945921058
537 64.52504476970617
538 68.33329702218849
539 63.99371035247585
540 69.48816330151924
541 79.16084828098494
542 66.63006236505258
543 77.0870832875929
544 66.41328205902205
545 75.05401088152814
546 71.17087262590587
547 72.9051600158315
548 69.07446558629753
549 78.93704509366417
550 70.75670323739132
551 80.04475965830673
552 75.17728076821065
553 71.99373576674019
554 65.71567744758006
555 92.55957389827526
556 78.0276040750024
557 85.22617993524474
558 81.72820028946161
559 81.17095339898631
560 57.256380827298564
561 73.76904514294694
562 86.67442711058555
563 72.52452322446668
564 63.84574183097263
565 92.00151454102715
566 75.27719746275731
567 68.02859382425339
568 64.7718602105875
569 78.04145067169638
570 70.17900656875386
571 87.61271075408048
572 71.5107161738482
573 85.83668455114186
574 82.37367244790123
575 70.82926746542837
576 81.157099459781
577 87.25740773979143
578 83.1775695986176
579 50.43981621331458
580 81.59699444191176
581 72.81502697530763
582 62.35851505183258
583 61.871048753849884
584 64.71575528939184
585 56.7292581499995
586 57.888500832261556
587 51.755709692283084
588 84.87449950215272
589 81.3279345590165
590 87.69317518851234
591 64.7774135381087
592 74.03051613547494
593 72.46212517546505
594 73.40430642899395
595 67.82314444170923
596 66.42054842279175
597 67.78642599591335
598 65.70786585612396
599 55.91512791923863
600 67.88258565298129
601 70.76929189477572
602 75.5410429781934
603 70.65810185241796
604 52.920855083371514
605 81.39364513833974
606 71.82490994512371
607 76.24838839339974
608 71.83809433419519
609 79.51879896125253
610 64.9807853668254
611 56.24365357881577
612 77.26117329392643
613 57.938769495811705
614 65.3849397321677
615 74.56374167704206
616 75.31582742876091
617 61.76977648132679
618 49.12412082349159
619 68.78840892612494
620 74.22426886155336
621 65.26531387414984
622 74.85232496662374
623 74.21772786804937
624 76.72801931476332
625 79.14524224762653
626 78.96183560592256
627 74.3954355929229
628 76.64508575056277
629 77.3683449718323
630 67.2790466910991
631 70.2150213596203
632 76.0951022457316
633 71.92667810932083
634 82.0469617005552
635 69.93126091526395
636 62.994603975955286
637 69.98185332783699
638 59.96950781608266
639 95.01600972446542
640 81.89101345090899
641 66.94727410082297
642 86.78529137105326
643 80.82118474524363
644 55.316567587459964
645 68.72831480462354
646 67.53681645489844
647 70.91313148227404
648 77.80272523874702
649 76.75445796380257
650 71.07875437675335
651 94.5316270460576
652 65.3037202274562
653 58.199455127544155
654 81.42601264158881
655 76.1169737917257
656 77.66706208314145
657 64.5586670475512
658 77.64641018964491
659 74.99392402772203
660 94.15659339585869
661 75.34989936048851
662 74.47499637824292
663 57.79519269760281
664 76.31317733055772
665 65.20741679099353
666 65.56611240194081
667 69.94105536434299
668 79.40611780418953
669 73.69129180587849
670 57.004013296662315
671 58.50461617320092
672 85.94306493583176
673 73.47096926364493
674 75.70422613635895
675 81.63150623672439
676 81.82483550028464
677 74.17344427862156
678 64.01029212023622
679 76.7946195459927
680 85.07230925507328
681 63.309137542002006
682 58.85585840287989
683 77.68102660232005
684 82.01342666955456
685 82.6961459559299
686 49.41654359074862
687 63.89402637129081
688 81.0962678085163
689 83.48194396338958
690 60.07869499931879
691 80.59694205484136
692 85.809551777022
693 78.80598851284374
694 63.199131559898404
695 53.84282804618005
696 68.6139676464302
697 79.3913702374526
698 83.26953494591992
699 70.48248853652672
700 70.94234799264518
701 56.11908718130204
702 66.15303014812842
703 49.805301598509864
704 78.43221930380572
705 60.898078743237136
706 65.67997183296158
707 69.64797957806685
708 89.30302789381068
709 70.91945584842736
710 77.68027378959614
711 89.79759177177854
712 68.57169708190818
713 69.65290710242293
714 80.25044012801837
715 75.62730903041599
716 67.58842035874105
717 74.11840307546689
718 60.518158964048254
719 63.091184653901195
720 82.61369362935764
721 70.5490442264248
722 65.36898959551935
723 61.010474883152995
724 62.36098395275214
725 64.04248607392276
726 69.18565523695612
727 73.87737691122247
728 57.981189707242834
729 79.74072876786482
730 61.223016956693655
731 72.6177651855431
732 63.54590190128286
733 74.08680025204728
734 68.71329696965424
735 76.18566761595345
736 75.26026266000443
737 76.54452131603294
738 73.9414951210583
739 72.33065978193855
740 62.582333528619735
741 67.89317035980461
742 78.40621766370265
743 92.04109058964644
744 67.72886395598621
745 61.552525908770505
746 59.659388568151066
747 67.18797591488539
748 59.68080428436462
749 49.07603847783548
