0 72.45014913929334
1 75.50579961707997
2 59.95743653898924
3 78.69219931856809
4 79.5783921948891
5 64.79420629449454
6 88.42765642242864
7 90.27028036093056
8 82.85767002252297
9 78.86051325839723
10 68.47887231846973
11 90.04045591421905
12 70.99428797575105
13 74.40844802749353
14 79.8514739043427
15 55.28750171927647
16 84.24079490570217
17 86.65238630061562
18 89.68391746073647
19 58.62915499593114
20 79.86330671462407
21 77.03061621213232
22 60.49201985361058
23 84.56977405752909
24 68.797128905101
25 92.27692458966162
26 78.6541260645471
27 81.59822581394982
28 77.03349279392212
29 79.2941038621492
30 83.84736212460975
31 67.01393843521934
32 77.82899980322172
33 68.63875052857334
34 75.76972601123774
35 90.22846884766149
36 77.26516393532847
37 87.16305501165701
38 65.07979601994644
39 79.95767546491308
40 86.15692561697333
41 76.713236543142
42 102.97176779067189
43 62.860188123658396
44 77.49842545587319
45 82.86927535065267
46 85.21508353963195
47 77.84369813704973
48 48.62773167735553
49 91.04471051780011
50 78.01728003146134
51 90.28126440985471
52 83.21547433767338
53 76.08852386210116
54 86.38453819488598
55 82.34296645078908
56 74.75009470809545
57 88.38474999953631
58 85.28178359918472
59 79.48509239252525
60 84.89729760640562
61 82.92648543981457
62 84.43764014410584
63 92.72962735313175
64 78.57247998633757
65 70.25642449546255
66 90.85905198091885
67 75.68678313687487
68 72.4629350840084
69 81.27147253103286
70 91.62218700402151
71 93.90795221351587
72 102.30152747414502
73 73.53059819521881
74 105.2280678746991
75 84.59275277023094
76 84.16745185341313
77 76.80499914716984
78 94.0126823175706
79 92.72266298516044
80 101.33091412405088
81 87.56432130200692
82 74.21038983263045
83 78.073495688178
84 77.18431773689133
85 87.72788305590316
86 85.66345189549565
87 79.66123227368202
88 82.35660453185147
89 101.3096944629404
90 67.37920620152822
91 86.84599319204035
92 77.90150550719639
93 78.29987526504408
94 84.6916516515452
95 91.36296667934414
96 85.73017794247932
97 69.2807069364368
98 84.14947380957618
99 99.64269942973567
100 87.31076670876284
101 77.76779422522748
102 84.70590300138613
103 83.88000199442045
104 82.62867244614405
105 72.962248317443
106 79.99228448852635
107 63.959989632434855
108 90.62964909566469
109 69.79525484867763
110 88.77963500504661
111 79.54455302595127
112 80.19848198697677
113 82.691806362854
114 86.2438265333155
115 71.04679773929277
116 77.06394956419835
117 70.1385997464316
118 90.27003350391354
119 72.19893271426963
120 89.63515981210406
121 76.7356278922953
122 84.3402146246365
123 77.30686864045042
124 85.0437145500781
125 68.52107141752909
126 83.56897800889264
127 93.65243080332561
128 82.1029324730672
129 76.94179414669394
130 87.6385305592355
131 65.30576110469767
132 80.22287120875731
133 106.83106875913535
134 89.62099633845716
135 82.66171927803616
136 78.57519755110141
137 89.30916058822876
138 101.06572921051932
139 90.36651354682151
140 87.84761777188008
141 89.27187364569735
142 106.23454725644834
143 76.17422139614737
144 93.7277999119308
145 71.73368074941652
146 73.26861897558564
147 89.10787506569224
148 76.07608510902725
149 92.44003189556312
150 92.15705796280294
151 85.61550146366743
152 82.75282211563916
153 75.45066361740695
154 92.81527037238223
155 85.34518841830638
156 88.4488518846351
157 80.14151927134338
158 78.04986703278676
159 77.97799593175937
160 70.00023187342941
161 82.03687007104224
162 83.60872269623921
163 89.45679941695215
164 80.76961090862524
165 71.32302028850566
166 90.42081785005554
167 95.04174590967037
168 86.06216349045198
169 79.45096061241568
170 84.89659656386652
171 76.54273498561619
172 97.06401663028619
173 91.61959090840354
174 84.19166021897466
175 66.30666460674585
176 68.97794678205453
177 82.58138067989937
178 80.22021826937348
179 76.73473929231254
180 71.85809877797757
181 73.3807172364336
182 81.47124337957831
183 79.8684529614807
184 62.43149912132236
185 81.95340991345097
186 90.44353253001499
187 80.00588410406127
188 75.47162450440926
189 83.06316537546522
190 81.93931857377628
191 86.57109443349759
192 89.00282730086094
193 85.19525922231998
194 87.91031942914292
195 65.77487037494444
196 71.23777094541742
197 81.48533714326328
198 78.7685502581901
199 70.24651555823958
200 70.63144810287167
201 89.19821256989987
202 78.2201771118897
203 77.36946753410375
204 98.42454384935346
205 76.18832373135878
206 81.87481977434373
207 88.0814770351246
208 82.31321693905008
209 95.6046717969722
210 93.22642864731282
211 69.96065922246405
212 87.69420581849535
213 78.03391447613618
214 86.0520984761089
215 68.88287395405642
216 79.17871015605441
217 73.6513679292514
218 96.14629346126524
219 83.69350419478563
220 84.54704041052743
221 98.59798214642153
222 93.9364688815263
223 87.90431348472137
224 72.07226904560157
225 66.50686951080652
226 93.44871629579633
227 82.20530095589028
228 90.44222540231468
229 80.2734503567024
230 72.90100145044416
231 68.51603847016119
232 83.24015529668038
233 84.2340891306138
234 71.07016032831385
235 84.30381050838805
236 94.21157918351005
237 68.91184085541094
238 81.55587411364264
239 69.77568440691252
240 75.12400210659274
241 88.47551571775955
242 81.67540410985795
243 75.38890850714021
244 78.78624643639654
245 84.45777629023422
246 59.742932814716895
247 76.27566028292533
248 77.23030418083948
249 78.03175361138588
250 78.97132587919197
251 87.50098422074318
252 71.7335910457253
253 95.4786936963113
254 71.6787257858971
255 77.54252588009557
256 79.44661411640415
257 68.02382560860822
258 69.70722594866203
259 66.28952904786105
260 61.46777264570029
261 93.73247537279812
262 57.20521620267348
263 77.66586673375554
264 67.58829971794611
265 93.92583432074743
266 66.94841903732997
267 77.48808242002369
268 84.96921008890575
269 88.41959700962452
270 92.66797828814727
271 75.10568335620675
272 67.23262009556271
273 87.83105101501307
274 81.95349902289483
275 71.60335745236696
276 83.10836719086967
277 96.221122821647
278 85.09491021703016
279 84.35119060583676
280 94.73872049495067
281 82.52672020958029
282 65.13415037912704
283 89.42819978700278
284 84.72903386124385
285 88.0465960220733
286 91.00729392641355
287 108.42560875125336
288 80.05292927955753
289 76.53704005147631
290 95.11492978785704
291 84.20390377912922
292 96.24275838387834
293 91.22856427097277
294 91.91665573799746
295 81.30394541307061
296 79.45224011574147
297 93.06447852024891
298 80.73606931108752
299 92.50977054953641
300 96.04053868754927
301 83.94484838425281
302 88.75358275169638
303 80.02792790160359
304 82.085252085806
305 82.88047325550855
306 87.94345239284452
307 96.60169746156684
308 75.12894431828242
309 83.76630156411258
310 74.56360333957134
311 76.28513040753609
312 78.41760436037082
313 85.77605785214476
314 67.82726380618833
315 82.19760553935133
316 85.4818372551406
317 92.45784266465093
318 75.49786338821328
319 93.31235605553863
320 64.02362184013602
321 82.52334336032015
322 71.9298798338636
323 73.392192684057
324 81.47546258623824
325 77.13141792200646
326 87.70943936729537
327 100.00836599987802
328 73.45467680087329
329 80.23224231887544
330 76.45562388296338
331 69.68837892847182
332 88.97397910561656
333 79.0132096058067
334 81.01611157676018
335 91.75871748957152
336 79.71023384935752
337 87.88948368055382
338 71.64086677835547
339 87.32744723547545
340 80.05896953502405
341 90.01937517428372
342 84.59209293362537
343 88.32992392768661
344 81.19756225415391
345 98.71941242775335
346 96.87762641180416
347 84.99031318094812
348 98.13897660005516
349 92.27057120956006
350 79.15404298601796
351 95.81765810929849
352 81.20507107923618
353 93.67615894250228
354 89.02012167620886
355 83.98067022799447
356 86.62129143430995
357 82.13369898631531
358 72.79903146225288
359 69.54843386914975
360 83.22888045731189
361 95.0265846166575
362 85.08820685256318
363 90.07617340909877
364 79.86487018453272
365 92.50499498564919
366 82.1291505520906
367 84.09645489882529
368 69.70809676331571
369 71.70512234259235
370 61.83447125608763
371 86.62296083729346
372 91.679702669273
373 74.20596620434206
374 91.08667723782908
375 85.92102565470032
376 86.76400524591375
377 86.84572925889998
378 99.90082448644453
379 92.20978925286833
380 95.44156670509452
381 84.5246640154104
382 81.73859870388135
383 79.63386682776687
384 90.86695690856617
385 69.6862939286541
386 85.4445106693789
387 75.80540867196844
388 88.33173096487238
389 88.26645160927708
390 78.26538117505558
391 87.95145344865232
392 87.64784062801404
393 93.1725190489052
394 87.77743430849105
395 77.34375693772694
396 77.25724967000393
397 80.30265913012616
398 74.98686840889845
399 69.42461759244796
400 71.63948109141333
401 76.6592678523639
402 81.38632283675243
403 72.18205516657478
404 70.98944711553314
405 83.4815997894649
406 81.53855831049285
407 70.71195127902794
408 81.61870285606611
409 74.82960204936917
410 96.9331992596614
411 86.21205633318813
412 84.32227305650382
413 82.40989262938521
414 76.6692420961234
415 97.77567166136964
416 74.94899601998137
417 74.5731427279803
418 82.20769310353501
419 77.61007716445762
420 87.39501837199424
421 85.48368061120941
422 86.33961984645688
423 88.44387207273995
424 81.24211957768811
425 84.02412310759749
426 79.05771399821404
427 78.61808055427112
428 84.83771874813549
429 68.18136270838475
430 83.77190376622687
431 85.28491861965409
432 95.94670022738575
433 96.7660088585944
434 58.941819168453776
435 94.43777507409142
436 92.18276133797377
437 93.58883126140219
438 100.00447791521874
439 86.31796906532935
440 77.30725587751427
441 79.77017091673005
442 77.77136570542895
443 92.87768701167428
444 83.6014524091566
445 72.71643469675926
446 96.55627572634849
447 89.66812813146761
448 73.20066483923206
449 67.15440202539389
450 77.46525954004699
451 83.88700755807066
452 62.802753533956874
453 75.40753504326975
454 79.27862430692008
455 76.12802530648085
456 95.67586699893941
457 73.76812540910765
458 69.5723149294048
459 81.4987236644697
460 61.12593881491325
461 82.41477073835057
462 104.19893104722638
463 93.70119875847928
464 73.09671280721118
465 78.02000335805482
466 86.0212756610482
467 76.93252536394095
468 75.04583344392064
469 75.6668842423744
470 92.55237289715535
471 86.99508899974205
472 79.04745812279782
473 73.5618929941091
474 67.334214634473
475 68.66715645717142
476 80.50324482493014
477 91.12815059521792
478 86.22609576911682
479 59.972278462556694
480 79.55875114240497
481 77.63939118968749
482 74.30113034888161
483 75.96569367045738
484 80.24921776613762
485 78.03847652928042
486 76.64654969169777
487 88.94961954486591
488 76.79522575530454
489 81.3930895431787
490 76.28339806983732
491 80.90157239968443
492 79.76322787976096
493 97.82008805944027
494 94.9185824267277
495 79.37527260676556
496 77.93591627217225
497 89.40814966902524
498 78.77631417165968
499 83.03599320304191
500 74.06843325254668
501 63.74782067652184
502 84.3407805445827
503 95.62595282599965
504 65.79612576813064
505 75.47741656022505
506 83.76009226522291
507 84.64624482618962
508 68.43507629102675
509 85.3106068493238
510 75.24301750810275
511 90.1497904001221
512 74.92391868966983
513 71.88792769645106
514 94.91545123611472
515 90.61167177074746
516 71.3035466821967
517 80.37893114369723
518 75.48998436606345
519 80.29985917442464
520 78.19519224085285
521 83.11913363539561
522 81.90839282072147
523 83.52480177387355
524 71.38549855687435
525 63.680786734524865
526 102.93517810762626
527 94.06944963629144
528 71.36049098956791
529 68.73238023373105
530 98.31766805495273
531 81.09460644230556
532 79.03819475572625
533 81.41817622496234
534 82.45482397205775
535 78.48322338630273
536 93.98200851225101
537 75.69618281887979
538 79.7396940822568
539 96.39161975491308
540 84.41810236163663
541 95.64123516624369
542 80.58566114036176
543 82.13221002404289
544 97.72004793177646
545 80.56044211463873
546 78.87678698973747
547 81.61563003519181
548 76.35481786370705
549 79.73051431269568
550 78.48613351616474
551 89.67831434152944
552 81.69069339372508
553 73.63246061034813
554 85.72173899237791
555 81.54963212946186
556 88.0954154552584
557 90.05811464662968
558 85.57352949845968
559 77.05788815814978
560 90.8796695852041
561 85.27193735555271
562 70.39651741718863
563 73.46328049711943
564 88.10451454678613
565 92.10855183805434
566 90.59260034715
567 67.65608798936665
568 89.13076517618885
569 67.09054462614345
570 89.47562252451453
571 74.08708796832441
572 80.90623039085146
573 68.72739668235391
574 87.8617317215564
575 94.63539310884593
576 84.11043321548794
577 87.72358090169556
578 91.23143242826642
579 64.25736939506763
580 86.20866497118584
581 58.62017635939594
582 70.0768334311658
583 73.37758608918026
584 98.81469009501691
585 74.51695081706298
586 84.50241016056745
587 53.99509446488285
588 71.8832188269466
589 69.54427254707784
590 71.41420511043765
591 77.26706127265419
592 63.08358345792336
593 76.08798374933897
594 102.03388692108199
595 74.18573018149583
596 58.68542112068579
597 81.6190381994828
598 76.1781392852007
599 78.77878182471377
600 75.40737056248943
601 71.68992919272453
602 94.16966194237382
603 88.83171465854848
604 83.0769871293156
605 60.524864982582415
606 72.29293929000939
607 86.45700732069697
608 83.36247764797713
609 78.21821216231629
610 63.61159415422686
611 82.92815107750391
612 84.47299559748765
613 78.68544875104958
614 71.68575874486268
615 98.85222432563519
616 71.7425371167165
617 64.10762750449243
618 86.58183812694777
619 85.75247729674014
620 64.05362629963297
621 80.82987853433475
622 74.08932114075255
623 80.8004639804056
624 80.49380663323554
625 70.84351538825229
626 69.22767485711003
627 73.1002112288055
628 84.89970587990253
629 81.3122810088321
630 87.54061694638402
631 74.72535363621589
632 82.62782507235394
633 88.22955690895307
634 70.89452584397662
635 78.41886139960684
636 73.19727008772976
637 86.44985085104655
638 75.23265149932507
639 70.34454642310496
640 66.78332105660922
641 72.18740979291361
642 86.72280274249144
643 80.40090582012179
644 72.2845393507084
645 77.29272598982065
646 87.4249377951283
647 77.47437214636365
648 66.86557516082428
649 69.96232676190499
650 90.02387748339669
651 60.3406985499649
652 90.23228993957889
653 81.23128531093008
654 83.6950223333131
655 75.71972416919292
656 71.43135631719015
657 84.46072638158887
658 97.46585590152522
659 74.9129229535377
660 80.04935549587442
661 91.3989062508209
662 82.14025164317155
663 67.14284055298387
664 92.41448799534464
665 89.91664023617123
666 78.28386244441838
667 80.74591192675992
668 75.57876835909374
669 94.17609554805865
670 87.19693421272498
671 80.4398377872133
672 90.42660254361682
673 83.98748367151066
674 96.6268174406502
675 73.06406804693995
676 90.7124962089895
677 75.37299683868603
678 69.04873645968803
679 80.60148235007065
680 93.9542880833041
681 78.11572234886533
682 84.5733222220244
683 69.30825460316161
684 71.22628315208887
685 81.63039144570473
686 96.09461736976415
687 92.59559626603377
688 85.64540184141964
689 74.19437079031758
690 73.36631106734666
691 61.39803937039842
692 91.38168788371475
693 95.85947121929082
694 97.44509319014878
695 83.4992780277363
696 76.92189431122422
697 88.26328447410383
698 75.45974007796893
699 95.46762443075225
700 80.62186701134827
701 89.21931121981643
702 90.77086829906776
703 87.70941695857367
704 81.21851475757838
705 84.81212385680112
706 70.55745166690436
707 86.95094740865218
708 84.12611098995009
709 88.53427769763107
710 83.31192746433247
711 87.27022024836701
712 85.03641972474796
713 84.67289453061959
714 74.74888626745003
715 77.9426514236153
716 96.27652879020042
717 80.16010537169068
718 76.9853375366687
719 80.90856423866185
720 81.27384243678448
721 77.74548753920921
722 90.84731898591681
723 88.89424740499238
724 78.36608181257613
725 111.38078506028882
726 66.0584269219911
727 86.97357935673382
728 86.23508666466778
729 88.04906074559656
730 79.70681325708462
731 74.52850247570767
732 79.70550445321413
733 79.56561910867819
734 82.20909424313194
735 71.45549576176954
736 86.29296213992183
737 86.38795883207787
738 81.69584950261488
739 93.49121350779197
740 87.52906659755783
741 86.82988635415697
742 84.7307515309175
743 82.74179597960438
744 86.49505054847647
745 99.48616927094504
746 90.67200107287208
747 79.35313550313161
748 81.87158197691282
749 62.621924341626084
750 67.96804692132453
751 78.10865740660496
752 87.36616908474993
753 77.01732668816517
754 89.05534437357153
755 90.33617695284426
756 89.47363811999512
757 66.11759403160264
758 79.22447377999697
759 68.11542291702304
760 88.2875539385425
761 78.90667265833093
762 84.55419059030764
763 93.3902207193777
764 92.3054382194811
765 67.95173631139235
766 88.88474214587868
767 78.50985308457209
768 71.5873598034524
769 84.47014999718974
770 78.74888030768854
771 97.33021916958144
772 80.59129917025328
773 96.68757128699004
774 77.97334622572254
775 85.41426979366075
776 75.9752177752186
777 72.49938739605014
778 86.80040046367405
779 87.85719443377262
780 75.87192587696951
781 86.0857412408161
782 86.40963540654124
783 97.04384720283043
784 79.26462235987506
785 88.90080026047245
786 91.66834996639632
787 87.80403800338667
788 87.06162842426741
789 85.00601891512012
790 79.24232820298869
791 73.35536558571994
792 86.48047712981163
793 80.23152732550781
794 96.44435536793
795 76.88219174282966
796 76.07183630176893
797 74.05340908759118
798 81.74938616505342
799 81.6112545899359
800 72.31464068243918
801 96.55444378093483
802 92.0318256685412
803 72.30295323186238
804 76.97943468809818
805 71.508482778278
806 84.43359728130055
807 70.87933910342174
808 74.15904211168102
809 86.40301566982905
810 81.06745770950496
811 77.00647451891695
812 75.39961625631355
813 89.11455904072534
814 74.1208319900586
815 87.66034224354163
816 73.27882277507175
817 101.07796738269958
818 82.69388422392885
819 82.50840150344122
820 85.87168836303861
821 64.46989965325226
822 80.49092291299988
823 87.95251307138146
824 69.32160640031437
825 81.91259607442814
826 82.66809488258747
827 79.2587220114311
828 85.9387202765742
829 77.86224446944615
830 62.878769538312895
831 95.8384655516277
832 63.29845447749518
833 74.79577721082009
834 74.09166913631381
835 85.79198716225154
836 84.78861518020402
837 77.00571193358147
838 76.33929786400171
839 85.89820533299645
840 65.52666666978136
841 78.43302129361524
842 86.8193916835874
843 82.03736376009142
844 72.98642947979872
845 89.45778445551288
846 82.42349028656834
847 85.8682418649786
848 89.43237246030804
849 83.22392310050174
850 62.62258264878865
851 82.90189769772225
852 79.49916273419568
853 76.75313960321837
854 67.63742520373394
855 85.22520022421214
856 64.93949794890521
857 82.16497627256129
858 82.07474677251943
859 74.16580443382384
860 68.65397441224928
861 97.35662339991008
862 80.8695952309337
863 92.76059165625489
864 90.55148739598746
865 74.34208029197202
866 78.36667443991895
867 81.74076157156848
868 87.70080757895998
869 78.38073487811259
870 80.90120747198395
871 97.20448992479214
872 77.48320154773215
873 94.15662999761825
874 97.25982813610256
875 91.20504800974555
876 71.17607030929568
877 77.0754270383777
878 83.74344508289846
879 102.21332131601893
880 70.51808340124316
881 99.51112940409655
882 85.12211358671598
883 82.7194671287544
884 97.5984613384142
885 93.21938543335534
886 90.91005863901543
887 79.55875159420054
888 63.97523630151912
889 79.67545232924358
890 82.0684199661394
891 90.46399240820008
892 82.93361141978303
893 83.08375845284232
894 78.61736550493991
895 69.01404773865494
896 69.06218796554485
897 80.84327373330875
898 74.20760834070674
899 83.85512370369501
900 86.61422088729769
901 71.07460397077217
902 71.9092009966151
903 83.67030065483799
904 88.34672794087228
905 91.90740764509104
906 81.9068941404338
907 71.65413658094202
908 94.66878716404311
909 74.03168479759711
910 78.13707404574225
911 100.3117406315734
912 75.37451265373798
913 90.75682888189658
914 66.66373229664366
915 77.1910156771098
916 90.94129441408187
917 95.52833428565059
918 94.04882600490609
919 80.53819120339733
920 90.13728949635174
921 96.33823670537281
922 84.0798976303314
923 69.67919894689726
924 75.71636225445641
925 98.18323186943006
926 92.75806156952547
927 90.25282381329446
928 80.8703347781451
929 89.58587772379477
930 84.8021496724215
931 81.71681984209168
932 79.2230518523792
933 103.58651066649126
934 90.29663934644879
935 97.26967719918665
936 86.74307849469898
937 95.07529291666005
938 82.34986044604084
939 78.32247196456035
940 82.4962022752521
941 77.34012064215321
942 91.207911724046
943 87.4159634820839
944 66.79232902940146
945 87.18475378794358
946 86.42527853289029
947 82.7366082422363
948 91.20355659188326
949 64.76024841619136
950 88.39666147687949
951 84.32791058426415
952 71.81457489722139
953 58.742129065339014
954 62.96997658636009
955 74.35281009859298
956 82.01267092109808
957 63.467052023189964
958 77.0309399809317
959 83.6567450294546
960 81.95546785066425
961 90.76418572434325
962 79.89514400546439
963 92.90651799644534
964 92.07232061268982
965 90.76232798551814
966 76.44010529129012
967 71.4053184614065
968 92.12204238603218
969 80.03195662629328
970 77.59885366051861
971 79.77752884264066
972 88.54628944049612
973 83.80831101496543
974 87.56009205648667
975 76.59290342255436
976 83.67310762206935
977 82.33709858651677
978 82.71636839393962
979 74.14858168051724
980 89.63134353681403
981 84.65489646119505
982 85.20843152796574
983 84.92270945562063
984 77.26098139580594
985 94.97884039356947
986 86.08580428877202
987 79.66892946508523
988 76.55450713028958
989 75.25910717657844
990 70.61481620290395
991 68.88354952237468
992 70.59843687877489
993 85.60849546554772
994 82.99922367180493
995 82.15524983492048
996 81.7074873546739
997 75.69628448359063
998 78.45814377466013
999 92.55119175129191
