0 59.45295684005994
1 63.90617167439151
2 61.45828508957636
3 70.69552569328819
4 63.935847106011906
5 74.76182771813534
6 65.1604868195999
7 80.61122589881174
8 65.06341883942248
9 66.96838532376063
10 63.89307494040485
11 77.25007958777032
12 74.56615750900382
13 86.70142149843102
14 84.45100081441822
15 88.17186483589363
16 76.83165105633225
17 64.0171617674898
18 78.928206843534
19 78.56254522689392
20 76.0141348934625
21 61.97042467274124
22 70.57084492310786
23 78.23057364229278
24 68.5756311620148
25 75.7523149510277
26 70.94584694412681
27 73.20408721625478
28 65.33675840469157
29 63.141227642882214
30 86.92519038278337
31 77.52330503205783
32 60.69757411862614
33 76.14468804287863
34 69.79951187085706
35 91.83583300832217
36 62.095525386338956
37 71.21432403122624
38 52.66662351533068
39 52.378154790666464
40 73.85865534930554
41 62.645273586778195
42 58.11406880326427
43 62.05382984338681
44 73.9372651242466
45 63.35192278896729
46 71.1787086084662
47 66.03481848570145
48 75.75563524410433
49 56.106127940863644
50 55.065564522590456
51 61.2449452082602
52 71.95048353772542
53 80.61058557950453
54 78.7906820819352
55 53.188518602638574
56 54.03995466420895
57 79.75079522880355
58 62.34805125463684
59 76.5514171798701
60 64.26110761259274
61 71.11092106398257
62 78.24959461256776
63 70.20769258698107
64 72.06178291221673
65 63.734989032406936
66 60.65845282309868
67 67.69430626243779
68 81.89751592466435
69 55.34150154154199
70 58.94512300819512
71 71.0788908293302
72 65.11207483363253
73 69.67169167823108
74 89.49070049508391
75 75.92671358015947
76 74.62601787918635
77 66.2978007260329
78 80.76694568750307
79 61.46564540666606
80 68.52590372762512
81 72.58402166105112
82 75.39372343706405
83 71.5722747936433
84 62.731215821115114
85 67.9733380527609
86 76.9421489825074
87 70.82384927244493
88 68.85627570731437
89 82.61457305223516
90 70.1816483252439
91 88.97167658270766
92 67.19191346342008
93 70.60075954778014
94 58.45017492272774
95 53.35646258549427
96 71.10091884714907
97 75.80916017986164
98 75.97434077475332
99 79.65418931079468
100 76.27328437239493
101 66.37517877234178
102 64.1560765210002
103 79.20044385210126
104 60.939149005442786
105 71.7124479002992
106 58.47375936565323
107 64.0280969732919
108 69.17705291468634
109 68.12349221014193
110 55.71751445618255
111 70.6703849841985
112 77.58633882907324
113 74.38836834986894
114 63.61194350073048
115 68.55362058979256
116 74.28228896397023
117 63.42274219777915
118 77.78961809827186
119 59.612499198842194
120 57.97786165506863
121 69.62400200018462
122 60.789922596453394
123 61.63558629864824
124 61.36858738622703
125 53.23419961605245
126 73.35499689334708
127 61.82045158725489
128 61.914354277255306
129 57.140718067066004
130 77.6532137412712
131 63.31143002364478
132 57.665419257598394
133 79.18934681106666
134 65.044617720701
135 63.53059632815344
136 61.32740094521956
137 85.21736035551467
138 52.32897468295802
139 63.07921895417183
140 62.29033211595965
141 64.66590638840177
142 61.03482685444213
143 66.34669842623805
144 72.14301813449153
145 64.37840619318577
146 62.58838958504815
147 71.91172380552703
148 85.07273873581552
149 52.57253925897027
150 60.65151024240625
151 68.43465840396225
152 61.2623369971576
153 49.28024320754543
154 61.41146869221311
155 70.78979884318849
156 60.061457915308644
157 63.030957477495285
158 67.55814401375005
159 73.97922998110275
160 73.90419004680547
161 57.216834676649356
162 56.70817757324269
163 72.13252679163479
164 64.49685214750542
165 74.72909441859323
166 76.92075410901184
167 77.52715097888121
168 64.84944863255197
169 63.78176233515816
170 61.06454705174937
171 62.77282830227217
172 72.24828116265165
173 58.128369209041594
174 79.32121637974886
175 57.40216905514064
176 79.05081172450991
177 61.28238776567696
178 62.23722503717442
179 75.0260247249404
180 60.06319893973565
181 77.76545187463624
182 74.34911381173062
183 89.59216817331335
184 66.3043936255553
185 73.59737470306864
186 60.149293851882376
187 63.27674220389809
188 70.87864901564947
189 72.31289735173704
190 54.823020035242315
191 59.55482744664868
192 77.62807068785233
193 77.97547413322737
194 80.3838981839029
195 68.83262263080168
196 67.78842925049086
197 68.86898431549285
198 69.12035605545822
199 65.61203762891958
200 64.22342455035886
201 70.27186706682426
202 51.46522300173027
203 69.69402109411743
204 69.05441140493271
205 68.78945562991561
206 74.69602509592899
207 80.7926960033599
208 69.77735391829134
209 72.5682416802293
210 61.99858121183969
211 59.2869444158051
212 61.27487676632575
213 68.34262126514292
214 90.27301421223481
215 60.32185456496336
216 55.768770474991186
217 62.21476266817062
218 73.80138926658337
219 70.48420914574346
220 62.77293413316891
221 68.1770650273297
222 72.3987362568928
223 80.05796123720994
224 59.32418389448557
225 76.37628845968925
226 77.87681965182408
227 71.13306401074584
228 79.57434279714741
229 67.41195886059876
230 79.28400359488144
231 62.06667047660183
232 54.51965889024216
233 77.55423090001875
234 69.20230559651466
235 63.019718287064734
236 80.11323782054338
237 56.30152106850599
238 56.958446544258805
239 65.60648224212474
240 74.6881433454466
241 88.30450806205735
242 56.87938477424139
243 62.71604256901973
244 75.06387087542693
245 64.9434616107408
246 57.38319300599893
247 76.30130819625677
248 54.242632686855174
249 70.65318529381919
250 72.47525499776705
251 67.87638699425445
252 60.25554207903786
253 56.87300415997333
254 78.74928430621523
255 65.20075400243725
256 76.04087808311048
257 72.67058916848391
258 74.96377557602162
259 64.45621987727303
260 67.16540731770455
261 74.58579359548986
262 58.94876698478771
263 77.49142678231024
264 61.48313715268768
265 81.22063466984272
266 67.39897454649743
267 72.95687364808391
268 67.46845775647374
269 71.54791483706899
270 57.799240263731825
271 71.52864067795679
272 60.273707651687126
273 76.52551123604276
274 59.97399307084929
275 68.73261207166796
276 64.70093712326994
277 72.53586831077531
278 72.19634756845699
279 69.96416580624299
280 64.54570442029397
281 70.55665656577631
282 55.90097462706911
283 68.00071932007354
284 75.19685345255262
285 59.43598118281482
286 58.480895274580625
287 68.56236661918152
288 77.0738950983122
289 75.01340513078284
290 71.03870986810139
291 64.48598698379134
292 68.48910590908413
293 63.16281563388225
294 60.642409358083974
295 72.4362326040153
296 71.29664183559737
297 54.65379793073352
298 52.641288769150606
299 71.37907055669578
300 61.93354504288822
301 58.99413164865997
302 69.99439406528919
303 68.08667454867552
304 55.31827671898478
305 59.858746272744135
306 65.7145668210961
307 60.710890346149334
308 52.89498639287287
309 59.6562175513409
310 55.64614998211921
311 66.74460965574026
312 52.39573105830956
313 58.055297861687514
314 74.86094832453085
315 67.45491175207397
316 56.77560272980171
317 74.85551923374503
318 67.27635770464731
319 57.96231211287694
320 64.88815757129724
321 75.1614916087602
322 82.32365454655329
323 76.77143271518361
324 65.73664854100865
325 55.85425481466054
326 62.301962026794406
327 71.27038418987675
328 70.40456746679276
329 74.77509373305747
330 76.23634869202745
331 68.72367137887034
332 75.22117140877842
333 80.0726625276629
334 60.157499345558335
335 59.578663797390156
336 74.37866536202824
337 58.19133510144453
338 73.79177090847797
339 64.59750677036843
340 74.42310271925943
341 75.65380500265734
342 68.43013969275648
343 64.3523867967176
344 59.68180326720138
345 60.76456589408763
346 64.3492109519219
347 75.45478466906104
348 63.31354096574244
349 64.50445087709653
350 64.02999957746266
351 69.50040723669859
352 72.81266932329933
353 59.58875468245714
354 75.19900556915509
355 85.26270358840631
356 62.99953166130178
357 62.05159918741249
358 70.77519234082868
359 69.46860046622105
360 86.04008278970414
361 64.32473725484049
362 77.35582818461491
363 72.73206827697041
364 79.61570878873111
365 68.95613500391671
366 68.84520492045719
367 67.42476140059078
368 76.40338083394106
369 77.40973055029508
370 75.14159300188996
371 79.39924241242426
372 80.29168993855569
373 71.83662195447769
374 62.989354102759755
375 81.26415077334255
376 71.67033084007825
377 55.01861633376623
378 68.547745119355
379 67.26742829777714
380 72.24881889783146
381 59.445409810382436
382 82.29595358477873
383 54.86205566008974
384 67.41982326607742
385 72.8181135273646
386 75.0962251919307
387 57.381318634149146
388 71.90639827843219
389 77.0856925714621
390 69.8207892825873
391 68.8855876933594
392 75.3114407774776
393 70.64702478924958
394 69.63310410338688
395 75.02759001151212
396 79.24088377426523
397 73.76822134337526
398 61.47157246985468
399 54.00620882280911
400 73.37034481572037
401 65.1731214284617
402 78.13633833027434
403 73.01349082754729
404 68.71523454738843
405 84.73555845153221
406 70.21304113842686
407 76.98121179995405
408 56.54135600785906
409 67.77307355459482
410 72.73157355431873
411 75.27040069030696
412 63.3157304407859
413 70.13280430856139
414 78.68389061780266
415 63.32274493663937
416 71.79119796538347
417 67.17625812398519
418 69.88473688583726
419 58.66203926448421
420 55.980306191905356
421 66.08954312627777
422 76.93986619786912
423 54.22050024821129
424 63.69342780346785
425 68.60579339057277
426 67.60645571815729
427 61.25301904217858
428 61.58913115168782
429 50.417515633972975
430 67.78205855452578
431 63.119245848035916
432 70.49315110109272
433 62.47812033453063
434 64.22799471318366
435 62.402018254744455
436 54.59255638018445
437 70.209738984506
438 66.86733103302703
439 63.865247241891865
440 70.48679291379305
441 60.55333736176004
442 58.24153569991277
443 56.866560139565735
444 61.04989120965966
445 71.66858822649426
446 76.03678610135039
447 65.40917815088923
448 63.08378744390002
449 57.90651590801026
450 75.60543321866508
451 70.96415215352712
452 71.98864897280343
453 65.08975379905932
454 76.33860137792075
455 67.22577921226825
456 66.72860440880193
457 72.89049560324051
458 59.42729219699531
459 59.78376353705766
460 59.52676744801107
461 65.01989334059043
462 69.31840434119786
463 63.91267696410047
464 74.1767576407796
465 48.25265871035201
466 63.448482717972524
467 75.97075459363057
468 73.89609906068762
469 52.7991487762387
470 68.81420382335139
471 73.14216378770116
472 64.04578474972875
473 63.34587838738206
474 63.91866728313649
475 77.24764655959763
476 55.675707420823336
477 64.91724955673627
478 72.83483471043513
479 66.47972882937094
480 69.13573185554432
481 79.27224793085796
482 62.04035959770959
483 45.381436225885025
484 66.1721910656748
485 56.72919675914676
486 84.42487678917203
487 74.52008115944338
488 72.1288654725746
489 75.93284225093866
490 74.90525672704052
491 64.5016561006761
492 60.72434229921604
493 85.00739066279333
494 73.55958996319731
495 78.22976709178423
496 70.31366996475626
497 65.81513288881169
498 69.81561675312658
499 73.08007973580666
500 74.22178283362118
501 62.060824278846056
502 65.65522569255411
503 58.17088705517042
504 77.02773312410123
505 75.64835910741083
506 58.08244738065698
507 76.8518531549464
508 75.45993871410633
509 78.006262285078
510 63.30363639412219
511 77.07616524268283
512 66.58895792679276
513 74.65999544786497
514 59.47406984565647
515 66.85066029322438
516 71.6376995280404
517 67.58874834217141
518 80.67978071826467
519 82.94995456333396
520 75.50305056409456
521 74.77675557960183
522 71.17103694651405
523 74.29991897568773
524 66.86290233133717
525 66.77056844935578
526 55.57776499421515
527 59.212006809537385
528 63.90942376439922
529 74.85057750093318
530 54.12061407293727
531 72.57970684972335
532 76.39600935269453
533 79.3577958649056
534 79.53415075884482
535 72.47286068455152
536 66.16435813891138
537 62.592660347981834
538 58.76102917787166
539 64.82919587561614
540 70.37244995725673
541 79.45058636292676
542 66.68426773374883
543 78.32767925245997
544 54.18323063480293
545 77.45422964085435
546 69.35682866696726
547 74.74640111837986
548 63.75769591519956
549 60.201747387725234
550 69.60089551623155
551 60.04676034320405
552 76.35627087752667
553 67.14292471308883
554 71.80760885238733
555 75.38849479289085
556 65.15088149617279
557 63.274669470849275
558 68.36271267138828
559 71.3311939162594
560 72.92500066655474
561 52.48372755480796
562 69.82258455692856
563 76.75658187587275
564 74.35566858080756
565 78.12785193445677
566 65.95236753643552
567 77.51151621844265
568 73.49257398365025
569 84.438397135431
570 72.11418633047921
571 72.6484985145539
572 56.50927328637858
573 73.3282124344733
574 78.00159896437292
575 67.61727165106792
576 70.14810230324312
577 72.70226957096885
578 75.12461976033356
579 62.95901613172394
580 64.82120821504782
581 84.18859530774441
582 77.39532842405458
583 70.51564044582948
584 68.87185741214581
585 71.4633413856665
586 67.57672188829335
587 57.273988551830044
588 67.43821290514106
589 61.91689537848631
590 67.78783845757538
591 73.37029728936737
592 70.3959205868362
593 84.16481856591017
594 65.32546316329878
595 76.847641894748
596 64.7635556206666
597 65.46153611685449
598 60.1072868951558
599 64.10511171627333
600 72.94361256863144
601 52.16242503383107
602 79.09097674652094
603 77.02271694616344
604 62.53854762978854
605 79.40195601833017
606 68.85337861971429
607 76.10115029648874
608 66.60171214479463
609 79.5364513154966
610 83.3247761620046
611 72.01379565822108
612 76.14552546183803
613 71.56230213679149
614 80.74403227770507
615 77.54053141502307
616 80.3854019642299
617 78.41030880966676
618 63.656303462038025
619 75.18256207576191
620 73.59199305564299
621 67.61992740323632
622 76.6564441173665
623 72.64195824040327
624 64.46860238777792
625 63.0842203154233
626 93.11674019598323
627 68.81284361707759
628 77.90244218042669
629 76.15959885967725
630 79.22202131997781
631 70.96217776637607
632 46.47295825125428
633 65.8725484746223
634 72.3543023843424
635 70.04518059599738
636 72.27657110714472
637 66.69214831259379
638 61.47991427754315
639 57.66660642846405
640 71.64089092615318
641 79.89767408121914
642 87.09643862547168
643 49.12463005594336
644 74.38323580955353
645 74.23026329112437
646 73.67225962033378
647 66.19732377403811
648 69.92472868095162
649 73.38457871621166
650 69.55172081458123
651 60.92006362347724
652 66.97570968716694
653 66.45296083379529
654 70.76208983299688
655 75.5059340638998
656 66.18059572655345
657 68.04627415846674
658 63.530641967755265
659 76.01969216834448
660 66.38254046190947
661 72.67724370217982
662 71.19944437454714
663 71.03014750060512
664 68.84709410450166
665 62.547533611136124
666 77.55442336244808
667 74.05371423614424
668 80.06265734612478
669 80.86978343469389
670 64.83788085035067
671 73.31234147055162
672 71.00125091804023
673 53.34254459134391
674 67.20351998254802
675 65.18784301134993
676 69.79303539184905
677 53.24865192337134
678 72.01854345807823
679 78.40047448324428
680 69.75799700305944
681 61.67520745803037
682 62.51977615165453
683 77.84995672524695
684 78.28348964053001
685 67.96039988212844
686 61.99354003576213
687 66.46854607780843
688 58.79533398450771
689 76.72523035299963
690 77.51545437316084
691 73.31948489469096
692 76.15889217992844
693 71.30218879073223
694 46.65323242184062
695 72.76606776179071
696 60.230891127528295
697 76.15634758812779
698 74.00512655482036
699 80.18705705290246
700 84.14563526258337
701 78.7528146536749
702 70.4362845625341
703 74.70240230336722
704 86.47617565022959
705 71.60214970517345
706 66.43170823841649
707 59.49728776991663
708 58.72811911792445
709 51.32445456814093
710 59.27977030834276
711 64.91575093180786
712 72.76590254655184
713 56.26939411282857
714 72.10680424397322
715 57.67130592103546
716 68.87336199593646
717 64.38687534770999
718 75.35081488537182
719 56.87855198742551
720 61.25256606922206
721 68.63294651435986
722 71.12366585229347
723 56.66339758481129
724 62.92211231003129
725 65.2402884377352
726 76.67843910807505
727 61.674211886231724
728 69.58623400874187
729 53.56277131201445
730 58.60159365096231
731 64.13291251537683
732 61.31328113938604
733 70.625028498422
734 59.98924646788567
735 72.50183349804848
736 61.728055772275006
737 81.68134796102626
738 63.637512979707935
739 62.30922084449396
740 73.41745902579932
741 66.39967254458293
742 70.59461508076637
743 69.20682639445428
744 71.06292051599591
745 60.447475370576235
746 66.39674986455147
747 82.34367588175849
748 67.72883776487699
749 62.43515353169523
