0 83.24102405586821
1 71.26940603883095
2 72.57035065913558
3 81.11812857718337
4 69.4748827003196
5 58.32721136181881
6 81.95146977939598
7 69.68475448677889
8 60.37910566024518
9 58.5098908405536
10 63.062617309067235
11 68.33848432923897
12 84.29713460731035
13 62.413530888020986
14 71.38564587439615
15 65.16269518147789
16 60.77143532640566
17 52.30743631326269
18 63.59193079535542
19 56.62990779435735
20 67.92073359214304
21 74.11101255990306
22 68.035502690336
23 52.4425803030731
24 70.9987206400919
25 86.76693981967593
26 75.25111554721595
27 41.948170269043594
28 62.469416847847135
29 70.9931682090976
30 78.38427740884993
31 51.71484829403249
32 65.94084500498556
33 83.59763158809056
34 79.83737164733007
35 66.13165220776379
36 71.2137234004699
37 84.36452053251968
38 66.80022718801632
39 58.675179859345434
40 55.5873120771529
41 57.0076860592891
42 77.04402265781923
43 91.28206239828066
44 83.0999869987071
45 67.05007554045423
46 57.70961393245117
47 84.21989797116304
48 62.36120853160944
49 71.18492172665835
50 69.99624309641908
51 62.03326697984846
52 64.5799250348894
53 74.68566944060782
54 70.22004819849896
55 62.00688793992684
56 57.92419916893011
57 70.29343725936334
58 73.401453776016
59 74.42231145511654
60 66.07481936129622
61 77.25046256222744
62 64.56729827418329
63 64.54614231347567
64 58.598025833682534
65 81.9487423375103
66 68.33841158989138
67 66.89443238293394
68 70.53369357586543
69 81.76003704381453
70 64.40026941647335
71 72.14148919856953
72 86.81514125699647
73 70.05254821843778
74 78.55662242807459
75 72.14279921528836
76 72.12134557598452
77 72.96976854099861
78 58.105147919361734
79 65.34435203968849
80 64.94706078328636
81 70.53734142819148
82 63.45597347841771
83 55.438399082725375
84 71.70340098855378
85 77.80095754304313
86 66.10962737045496
87 64.95359420301895
88 69.64211965134174
89 46.03252194431768
90 73.54555342507004
91 79.79088881968669
92 71.64329137295059
93 65.0075697642393
94 62.14518437970561
95 56.47193811500079
96 48.615859898202174
97 69.2921291763463
98 55.8302502665456
99 75.08199183232641
100 73.79193607007475
101 65.80117981760611
102 66.64523658216449
103 69.30002160328519
104 73.66072826705884
105 75.03499723895027
106 77.1888087619721
107 68.47347607705093
108 71.5698472898537
109 71.80687328498882
110 61.77638896534099
111 64.30512896673707
112 68.57229935162488
113 57.45700736689317
114 72.90438812871037
115 63.16692222190565
116 72.69507745654836
117 65.86811641502955
118 55.945409147782975
119 55.14599271083389
120 61.705618234734175
121 75.32977642037325
122 62.1002689241476
123 73.73727385875722
124 62.24946352377009
125 57.272985671948774
126 74.52590171866036
127 66.55186924042235
128 79.00418631484634
129 62.05100239811748
130 66.08480716440404
131 73.10129569382072
132 77.04622592000591
133 52.695385276719264
134 67.89778488433004
135 78.02864932219832
136 56.58334747787902
137 64.99942132945233
138 68.71741608241769
139 57.871335855152836
140 70.43758166392759
141 67.72645522321226
142 84.68300753485185
143 84.71863528498758
144 66.45693521158238
145 64.2631571664006
146 67.76434143731788
147 58.14619470194055
148 62.50259775177605
149 68.13539462558539
150 61.36875021016013
151 62.993892201023314
152 77.84553854000166
153 74.25465393339222
154 63.86318214489296
155 78.21324326664599
156 64.66112959969497
157 79.80937234378116
158 77.60983021841847
159 73.4245835068767
160 72.23394344616693
161 60.52435729593667
162 55.45264577023588
163 80.4348491009107
164 71.95640321593072
165 60.40454232650477
166 62.78064468198367
167 63.317897070547744
168 77.52125372653416
169 72.87171542717056
170 58.71976460821849
171 89.05175798862511
172 75.14426442488279
173 52.977379397198014
174 65.2582147537268
175 80.36746556969665
176 67.08880921161459
177 79.0763776966014
178 68.15236131337227
179 66.97841657790721
180 61.90823375168131
181 61.38487446430224
182 72.72868662293511
183 64.91443421799687
184 63.95435631454835
185 65.89855238609111
186 61.66181853520081
187 80.3664885123371
188 66.75359210700253
189 73.70279597724945
190 65.89828728192668
191 51.61615825080825
192 63.93241408803473
193 84.73046184651139
194 72.42706128736259
195 79.33279992647493
196 68.77278788979874
197 71.23105926661118
198 80.77133612005257
199 66.07883800829762
200 65.86260265525975
201 73.5475144804752
202 75.67763233643355
203 73.3074427517787
204 68.36981343724031
205 62.79930871616132
206 55.171348536553054
207 57.45455809085641
208 69.62602877377145
209 62.05252230836471
210 76.53789251192237
211 72.43489609933486
212 59.97317800874482
213 69.31019124710937
214 79.28654679374237
215 62.34800783128771
216 83.8448592352698
217 74.2589692806368
218 69.22148139429122
219 79.69330940206
220 68.72701323835496
221 67.21419416022421
222 78.61683253924446
223 70.0039512519815
224 68.28332522590988
225 66.76658832419422
226 76.86036950228191
227 68.53507397201727
228 66.2664392951981
229 75.13007398410153
230 58.668375920834634
231 51.65127503893306
232 74.2702600807405
233 64.55047681392256
234 61.353548029087435
235 70.83136295907366
236 66.88276556539323
237 65.41182406531627
238 78.1069636615715
239 63.62410119525992
240 59.02988294048196
241 85.3707766542983
242 52.009789184571886
243 67.87261505436578
244 60.811007958628416
245 56.33763922873802
246 35.905312508791404
247 68.97405516807986
248 69.28054390375696
249 72.19386650526084
250 60.57271018073902
251 59.48243299437555
252 73.74451465997168
253 61.552883769416646
254 78.92372344547299
255 74.58405356999148
256 50.750038827475734
257 78.83604865817865
258 66.22407635020444
259 52.65376826762525
260 68.02988792472193
261 74.90868013748884
262 58.43268707190594
263 78.23032023493874
264 57.90670175728684
265 70.43685899451518
266 64.08010672898575
267 63.07607242891487
268 67.43194434684047
269 71.56542070955872
270 67.49916704893141
271 64.04677839700214
272 65.52418868135457
273 66.04184072550687
274 69.67190097394929
275 77.61494773508781
276 49.9221429029108
277 65.8744857725786
278 73.67948863314113
279 59.32691539523379
280 59.52928583458229
281 66.79228417151485
282 57.419909877594634
283 62.15568482474623
284 68.82254315509331
285 73.64685782140413
286 62.72004342809161
287 67.69331774697541
288 72.62322653627449
289 75.32371478348733
290 66.47887970258098
291 74.68100563301317
292 66.21659479318613
293 80.8625247086863
294 73.34512153418315
295 54.94976068533583
296 57.04068512196484
297 74.46191405076213
298 50.735032830172834
299 60.780693370162254
300 66.55523849246097
301 77.82870519731357
302 71.05095843321213
303 50.826071539001454
304 72.73658553801161
305 67.78637477762926
306 61.22995260970769
307 68.02600228802986
308 74.80541105613425
309 67.05574460207009
310 71.55586422338273
311 61.45605013872724
312 76.72093186196452
313 56.943493840887776
314 72.0025363178857
315 74.06514594605028
316 67.19565019502643
317 70.63970777429569
318 66.75978874504301
319 65.5013497947544
320 67.3628590778836
321 73.81354672209001
322 63.91684018181802
323 71.15824192847856
324 68.80029128596931
325 67.51193765865922
326 75.83214716555023
327 83.73556924316824
328 78.17313797080449
329 67.40375085870298
330 81.35438318364284
331 61.767526085426454
332 77.62456269577592
333 77.93990140902423
334 70.24124000013988
335 83.14458126321209
336 88.92765807094925
337 80.04969365618167
338 77.3483691320207
339 57.1622356787495
340 71.01356256834761
341 86.85101990818212
342 70.24292704868893
343 79.39577856571809
344 61.94854384132252
345 79.97394537791743
346 70.87659434810219
347 54.219755253337695
348 72.06354777965448
349 75.41933901630127
350 60.294217879782174
351 74.96768552474398
352 74.8430706781766
353 61.85075198975595
354 65.69982423265307
355 70.5675528980466
356 68.67281548273871
357 63.95778719418716
358 59.87922721790412
359 78.66245364280014
360 54.793849249256596
361 68.46625210107715
362 79.82270779562705
363 74.41606892086592
364 68.96087864924851
365 54.84078122709276
366 65.70750563911368
367 79.31955271565027
368 58.20125949643708
369 64.8570269478566
370 78.07839939412811
371 77.78370907566907
372 67.57236583454565
373 61.56879396140738
374 59.299891433523285
375 83.14178153308916
376 72.82314519279423
377 63.063274942921524
378 81.63223888527422
379 67.52841354784358
380 51.144449408399744
381 60.29997497142654
382 60.54727371714709
383 72.05885136407406
384 60.313162541049756
385 67.30798890607447
386 71.00535169284927
387 70.14579158558386
388 56.54116218294741
389 50.039044426230284
390 65.74263800813611
391 58.86085931645493
392 73.70385574186672
393 64.12512583023855
394 70.96631710423316
395 43.118741318021
396 66.10871822109547
397 68.22596226201634
398 75.09395247493482
399 74.47444814120071
400 66.57823522695685
401 68.77813795903022
402 53.92842801349708
403 63.95941014364722
404 78.77319247317271
405 66.4638648581116
406 78.36341556725031
407 78.76095324017349
408 71.83007352729595
409 71.04929362867892
410 68.4034680512852
411 62.654396477278524
412 73.64278750833292
413 78.42327038194277
414 71.20853726804657
415 69.38362845101915
416 82.76044529767753
417 57.96969493512174
418 67.09883480049648
419 76.2306101450255
420 67.66550589709135
421 83.78858845419282
422 70.81216163102663
423 69.3861468388163
424 72.47738858929071
425 62.39777197248546
426 67.45526212191432
427 75.30922551081342
428 67.40005131825518
429 75.15567880278257
430 72.39636465719758
431 69.78617997950076
432 61.3726010637245
433 60.06257520150491
434 56.82890488940293
435 61.58471298796772
436 78.54939509797308
437 56.20359474010954
438 76.41421251069386
439 79.6639564934569
440 59.77691511778087
441 74.74584805816812
442 65.05022461648136
443 64.92600554283975
444 69.20770672668849
445 57.064308496412025
446 76.53465090061289
447 68.01697382228787
448 82.68677832096766
449 62.76034558257516
450 53.54262535396846
451 70.73556196576219
452 67.88979525930678
453 63.69029793671869
454 65.63203819185323
455 61.62026952670994
456 57.12999539503891
457 66.53509957239096
458 62.10885331558984
459 67.1534392619604
460 54.69491522943826
461 58.72973226911077
462 76.30743926563979
463 73.13032798120932
464 75.8729641081582
465 76.7226824419104
466 63.811305049410734
467 58.40752255667372
468 65.14057076301047
469 59.995602333513965
470 70.74578931222767
471 66.05271749313134
472 79.4764595027262
473 66.39026463007028
474 76.59586009300602
475 74.55063477232261
476 74.69990843213978
477 79.7012631622155
478 86.45709930439317
479 74.66740672720758
480 70.14054666121977
481 71.68265786217823
482 63.40766388571713
483 75.3543588051924
484 70.7362522505873
485 57.372444522561324
486 71.8210803754048
487 65.56778534144966
488 70.11328276096195
489 71.13242694530834
490 55.32981277640231
491 70.11798797308728
492 75.14620266340181
493 71.86755210026418
494 77.0955681502364
495 53.52115032262801
496 65.65264671772964
497 58.42966880310311
498 75.94038901581156
499 49.98936448508523
