0 65.50072537496257
1 59.981917144369575
2 46.95887044063251
3 58.58773888595695
4 60.72898831050926
5 63.17711385743936
6 64.38160354019914
7 46.82963709011377
8 53.79089385165483
9 53.41207568871079
10 59.18885999273674
11 76.81643141630842
12 58.49308375385
13 65.51111701090989
14 70.99511946507086
15 63.111625031149956
16 66.64079655309253
17 66.65027798669574
18 45.40169145169478
19 50.43269130063399
20 58.993378822589385
21 68.28722250612054
22 54.043232742698834
23 54.02565869153811
24 65.15651884921978
25 62.562124518616656
26 61.19976053849492
27 58.857093593063496
28 59.890269053157105
29 55.280684855165966
30 76.50363710812313
31 67.41753435211965
32 49.032259173973486
33 61.64662779019073
34 72.74222711973913
35 69.83716582056446
36 68.46710479594901
37 52.085362383877666
38 58.58010861252793
39 63.139602556092186
40 67.88456283586062
41 74.75733352017946
42 67.23874832578046
43 58.92724147692997
44 56.669321897256076
45 77.86684120104495
46 51.97300377847987
47 70.28021126127443
48 61.61459338992309
49 61.02386107943453
50 59.18432649110697
51 61.17236506575488
52 50.6598486754426
53 61.02576700849633
54 55.16037686924659
55 48.60537548419386
56 67.72098752007294
57 65.20148917908062
58 62.43774960250225
59 70.04884884160111
60 57.407899894255415
61 62.54470326037706
62 63.122524388890476
63 57.508326055446645
64 68.37926193052482
65 55.69507565869494
66 51.54012293350852
67 57.54874922512427
68 73.20430767030638
69 49.09026580214375
70 71.2459533583852
71 81.04959690760008
72 61.91667953104871
73 57.81775860581789
74 59.65807773931149
75 51.98559222014833
76 62.797524773356535
77 48.56437829590448
78 65.70039352951615
79 47.43898569832092
80 53.94184823489124
81 60.311450735772695
82 49.97250425180562
83 59.48084630949753
84 44.86756909215046
85 71.89414383473064
86 60.306168297188236
87 53.35882159688764
88 60.432559015228165
89 61.45252513384798
90 70.54729993654111
91 51.64392279749465
92 65.79277469529171
93 46.416625220902276
94 58.923330004047216
95 55.07362984802133
96 60.084348219914084
97 48.50825211949894
98 67.12617112694966
99 61.4058689776921
100 53.696979335978725
101 59.50012873302304
102 70.07258031744568
103 67.96195398755034
104 70.4056638873048
105 50.43696840557828
106 57.22548042488346
107 61.0773174813985
108 66.14844292240444
109 52.61111070152234
110 56.31546987710697
111 61.19514880957504
112 59.49085423199444
113 67.75725998551998
114 54.105571603238516
115 69.58039105683288
116 70.09729082878098
117 52.16384910174428
118 59.40350846681297
119 50.91442721934511
120 62.39626646926702
121 50.597060241876356
122 62.40429898868144
123 56.525937191315776
124 65.15978714716567
125 62.59917679440467
126 75.89612113496733
127 53.852659383488394
128 59.41156890681161
129 67.78838488306009
130 53.95984936561082
131 59.27577384957704
132 66.96036170119974
133 74.30956519630972
134 66.28249657587875
135 62.26243847073423
136 50.178579252514666
137 71.97041906132529
138 49.40439534362383
139 53.70589033395345
140 53.16397650088234
141 70.28692082735891
142 48.26859737978069
143 77.47040293595789
144 66.89379836776163
145 62.465091186532604
146 64.22566295702708
147 57.724109809571466
148 61.206815037643636
149 50.04728816489316
150 68.2369446161284
151 50.54002291813124
152 54.46203432509063
153 64.85619330698891
154 60.56353912181931
155 53.60257410232658
156 61.04877961786872
157 49.69055461149787
158 53.984107125418745
159 55.708951558811336
160 60.64708508168199
161 64.2892956438521
162 67.15700116039407
163 66.64060111256863
164 69.8819114339012
165 49.178766685218065
166 62.15271316894562
167 58.3697042075968
168 60.80680416470161
169 58.60692738736778
170 59.925589679967835
171 51.855703129733016
172 53.30076492096088
173 59.323292234932985
174 72.21889212744388
175 56.86789126498473
176 63.67619583838574
177 49.645908368651135
178 54.311091058324834
179 83.34231242621
180 50.85705323375231
181 69.7810049506866
182 54.99275894491595
183 31.63856681308098
184 69.74223161952777
185 66.97296970581246
186 66.90637637259762
187 55.58648423726492
188 48.85694080792366
189 74.42760597636327
190 56.27825690004609
191 72.10743994674971
192 70.28967901427697
193 62.54003422303806
194 61.10233536895915
195 47.87506632360925
196 59.148231759094145
197 60.062300616918684
198 72.19453500921288
199 58.78415818006969
200 65.58117687803131
201 63.09668432770231
202 43.71410826029584
203 65.54627670420906
204 46.83127175283852
205 62.62736873366268
206 64.10255284560249
207 60.05889300343888
208 57.61890006375055
209 57.52623221722394
210 57.58008486209943
211 64.67770539265004
212 59.61964089049692
213 61.86614501378845
214 80.66350746667193
215 55.300100781420966
216 52.467859674062154
217 63.10975954892976
218 58.02049814655696
219 54.30464346625795
220 70.7584575286547
221 47.536659653250105
222 57.01061641590897
223 52.418361200346105
224 74.56403392605765
225 74.1032940047448
226 68.20492519050934
227 63.18866386332058
228 59.965792371170096
229 60.9795229917844
230 46.067502715736005
231 65.11971946472696
232 64.65474493464022
233 57.53912021208248
234 60.37652732240366
235 57.69050315537414
236 41.92242559659748
237 67.27480796908209
238 72.29407050851435
239 54.99219050564301
240 46.044582890256656
241 57.16875134893545
242 65.4711366137421
243 59.36020861787277
244 65.2711676968457
245 74.80426074449065
246 52.10795080231495
247 66.01609775111008
248 63.22145860840577
249 55.03128252671005
250 62.73801345324234
251 55.08802530178979
252 67.9535734213056
253 55.59642035412342
254 51.56972710931528
255 64.31481754506729
256 57.845779132989136
257 65.80516835809824
258 71.40492960729918
259 75.19894799831536
260 65.76434735120587
261 67.22357777581377
262 59.3436626959691
263 68.70287142682507
264 48.031972603216616
265 71.25248139351069
266 60.66427576587679
267 63.17861178464177
268 56.69715651287828
269 53.19770142546854
270 51.82384727267143
271 70.17490750657316
272 64.58958732764468
273 58.17660909715283
274 77.4293015850708
275 64.3974428668271
276 45.35822452563103
277 56.01296530324822
278 60.71667871149224
279 70.48149492363746
280 65.52353373535526
281 54.47279166125336
282 64.19375314944897
283 69.86528726744206
284 49.43368834550068
285 65.29650514796548
286 60.59417872295411
287 48.91397194096713
288 40.496664437709214
289 60.718697377531555
290 60.58605506887425
291 71.97523906430926
292 62.17061778550159
293 59.10281975414524
294 64.46975378913328
295 61.130196227072425
296 69.24692366137145
297 72.04790093353462
298 66.29336856320123
299 67.88967188856799
300 42.16014121597544
301 65.81700685314392
302 55.533791055823286
303 59.710515280354265
304 61.05244417701758
305 69.81472027725292
306 68.30886233953964
307 66.92870247408233
308 66.95508146449102
309 65.71933601698072
310 72.66976467936757
311 57.50944025445575
312 71.75241879032933
313 55.60149556410185
314 60.10384210795583
315 73.56987339349358
316 69.47995498977652
317 74.90226644221872
318 66.76884140123282
319 79.7558432381593
320 62.39564312602167
321 53.0750921618419
322 46.49539120396274
323 56.086168869658884
324 67.48758327394225
325 54.52946479655957
326 64.42365969881675
327 59.762733145630506
328 63.237558859951456
329 74.54331878930253
330 80.27396124619757
331 64.09391028341054
332 71.12911585688832
333 60.56565045425737
334 59.53278769630852
335 56.91236492414139
336 66.03262571397569
337 56.59855337951729
338 54.17218331378127
339 52.35927246841992
340 59.37377541664471
341 51.91714718478813
342 68.27603658185392
343 50.121236418032424
344 62.61947138565196
345 51.10630134606686
346 62.751133120056565
347 56.70470159317881
348 52.35098881480057
349 70.75806676867599
350 60.35603301078685
351 69.46347738161475
352 73.00974888649552
353 49.162773599820646
354 61.44662050509693
355 60.59333621301512
356 56.276391066489026
357 63.5068358042128
358 62.33580531593108
359 48.9082081773274
360 83.87054815044426
361 63.9385370904052
362 55.417205793845305
363 56.723797992553514
364 71.55776458790977
365 50.81573613414283
366 51.9995410746397
367 56.527435417710834
368 58.336344225250755
369 61.56055786161582
370 63.706786446600915
371 71.16855450628888
372 61.73454896339364
373 70.95236796000503
374 62.50699662054374
375 69.83535481496186
376 75.74939264124671
377 77.0698189284411
378 61.06778530905483
379 61.72001135054939
380 58.383874825589025
381 67.51442215515532
382 61.81475914195918
383 62.73281961546706
384 61.05447182775176
385 62.44761659543971
386 67.11338283191344
387 51.4054565008934
388 68.63794571815167
389 59.43868929537252
390 75.61090700300511
391 59.283232275456385
392 72.5365865582577
393 59.912328414069684
394 66.13091601109096
395 69.297275135745
396 67.09621681036931
397 67.68728074756127
398 67.61466566129901
399 50.37291213119931
400 62.92472104812711
401 80.80889236396195
402 58.34325826376838
403 55.01587080141602
404 50.06603109059877
405 50.9109225126921
406 70.53166336304811
407 48.648474756656086
408 70.96622216440181
409 70.63776526985144
410 66.83157581257078
411 65.83503647970258
412 61.94643679140699
413 68.83964315559884
414 42.536425664010544
415 71.66377200044042
416 59.59864444694757
417 60.19243340090684
418 47.015674274943684
419 59.648378563683934
420 65.7591544002858
421 56.783355165408885
422 69.96532068275535
423 60.42263150184575
424 56.056989977616304
425 62.86800878732386
426 58.980698220608204
427 55.8160680656346
428 54.21575482358837
429 54.56543522967601
430 62.50502130128473
431 63.46119060242139
432 59.48057762171853
433 55.816524218618305
434 64.44754843600069
435 54.72762307733514
436 63.609665534705705
437 41.77027669113479
438 53.92240314375432
439 58.86231189733002
440 70.29014183238668
441 63.213862486934154
442 62.81379239105393
443 61.6996042096729
444 62.3232912318042
445 54.941191675077846
446 45.76843309562701
447 61.96907858880187
448 68.2434277070009
449 50.41989520071743
450 72.78301770548666
451 61.7021773234588
452 62.17469835817364
453 63.21830988307856
454 52.12130982650149
455 56.789494875689705
456 67.5364524635461
457 66.76527132196338
458 56.90365694292824
459 56.885353487025945
460 69.6482511868579
461 68.03403193300694
462 59.034498349469416
463 59.39215163210679
464 66.61213321503816
465 62.47394391285846
466 69.50622966712935
467 62.203317356309086
468 71.0600234174316
469 57.07208470357442
470 64.61921420681477
471 66.49003817761653
472 59.94578908198513
473 77.83237685285697
474 65.69591782548234
475 75.07156200186847
476 73.54569628767788
477 52.08641779185629
478 63.21803155711587
479 62.62562287888053
480 63.91105188327402
481 69.3212128025964
482 65.07982875153787
483 73.79197133828114
484 47.24752224230349
485 63.542758407442804
486 70.75852110485107
487 51.636982756723974
488 58.34730181372173
489 68.6875139220472
490 61.95246317241976
491 66.88574215770154
492 54.90981054500149
493 47.50069616660197
494 70.88966453604056
495 57.79049381109792
496 57.520259806443256
497 53.72247193061476
498 74.96682366337242
499 62.34048169783666
