0 87.57680860630138
1 86.12004252098365
2 88.3900657592909
3 95.75321201120332
4 104.49839966495834
5 102.79310210754328
6 92.77630192930364
7 100.99480105099502
8 88.35000380137502
9 100.13360267373781
10 94.33451481643979
11 83.09509934838209
12 119.05540717026523
13 86.56584129895381
14 86.84388292597775
15 84.5394111922476
16 85.3565238682444
17 104.48252560252726
18 86.05940022870787
19 115.30463001567921
20 98.70845348427682
21 116.64833756993933
22 95.63612196809036
23 112.77698546540395
24 108.27502514905356
25 73.98379046778062
26 90.55732660077501
27 95.34605433681132
28 66.76567674607108
29 88.11759368819324
30 108.48934317853103
31 104.53439744443268
32 88.3254817716494
33 82.5400413523591
34 97.88634908700784
35 111.29726749791543
36 91.80657082806466
37 92.39526679908496
38 96.80535481175433
39 106.05033296509981
40 94.24354455071605
41 97.41490600560579
42 105.23390584097943
43 100.62449374134349
44 94.19617150747052
45 100.23639434244734
46 93.65873582540814
47 91.55713703881182
48 97.84838042527419
49 100.05060192947099
50 76.48743915819115
51 81.62958950874868
52 81.4994878410761
53 100.58173750615433
54 92.89703103219807
55 103.40049653067975
56 94.47547676139584
57 84.52646247711124
58 101.51941057790374
59 87.3270995071892
60 94.67765079062995
61 78.6771480224743
62 90.59105874349176
63 89.24842266833971
64 93.25400665089033
65 89.46138754514905
66 96.5681882478522
67 85.85738009354063
68 84.6869477648913
69 90.50793559787857
70 82.75880641833407
71 102.88866786653888
72 96.99493536529539
73 95.69946358465911
74 101.93568784319028
75 87.91935937526128
76 102.96667581232364
77 80.8526615326209
78 106.65847405717619
79 101.90359423092441
80 85.01951700504391
81 91.44531462252128
82 103.50556815826046
83 86.89914851497524
84 82.55137123039744
85 94.41347311266595
86 93.6979451315479
87 89.36744188908757
88 113.99835085988458
89 108.60002690201344
90 103.39848651232302
91 97.99016506602253
92 96.23212346528321
93 90.8404596425338
94 93.37453735092048
95 101.5694367722265
96 110.11196032081584
97 115.2678000148939
98 97.99137600260886
99 87.64176786751419
100 96.25768737329744
101 96.4902974184627
102 96.42977568620704
103 109.6293951410924
104 90.29983902173393
105 71.78209003363214
106 98.25249311362671
107 100.89798153670466
108 88.21568252007008
109 72.18530586782086
110 79.6142123678655
111 98.33560189769021
112 95.64458073401607
113 92.43709114670361
114 83.83775193405606
115 89.25100018347312
116 102.17582615282065
117 94.02987547730548
118 87.93965723559698
119 90.11721484099314
120 82.42680125374947
121 77.838938947596
122 90.35229933758104
123 93.81834108900361
124 93.19958284350066
125 86.06428761315256
126 94.57554524701561
127 93.86707144086965
128 75.45384450644993
129 88.9011073800966
130 82.96926268555269
131 94.37006351359105
132 84.23759828123796
133 91.5635364993505
134 75.0681685996975
135 78.65895121669848
136 99.67029140269864
137 88.05050185461008
138 94.60917705102638
139 87.1585179408375
140 101.34074136083515
141 87.87847561308723
142 84.83789892398126
143 94.1560810296556
144 100.47935039982242
145 88.19475407154198
146 84.09634487291129
147 85.86870789738525
148 93.74244126171764
149 82.19151470016475
150 89.41310526399221
151 70.77091480192799
152 107.62396234166532
153 97.93215244939034
154 118.30661490452181
155 85.96904726808816
156 117.11133024635038
157 115.05694622861164
158 87.67784197585333
159 85.79542374895479
160 102.44911743605014
161 90.05137215340578
162 81.75514998457636
163 107.92747902439473
164 98.77562652631062
165 78.64923297242626
166 88.92611514748602
167 97.00751706923238
168 103.18345361275206
169 112.21609134557512
170 92.26812109961995
171 90.75140566454881
172 100.74173120556384
173 110.01370752195697
174 99.06636520228825
175 74.95838136893695
176 104.21144646269619
177 96.83892344489789
178 100.37732796658541
179 107.87908766436541
180 101.60549617456044
181 103.56314396649961
182 89.17732274385554
183 99.13033364503988
184 75.38123603742014
185 88.58652957065074
186 81.85058852441183
187 97.1132634520898
188 93.83409348164437
189 94.12467275833002
190 101.12411635629442
191 100.90681738455183
192 88.09478611547615
193 89.13341273573904
194 104.49509668326698
195 85.73941584573606
196 104.66514119063406
197 72.83529715588678
198 86.24793747753286
199 102.69839215830116
200 92.42624722494641
201 87.47901492655143
202 90.69784733764831
203 99.66143300698299
204 94.16418280196825
205 97.60732321230992
206 95.25358907622072
207 99.55356638694687
208 85.44665228103462
209 63.088660169482594
210 83.65230550965352
211 103.94067448305222
212 97.08178282328213
213 92.0703817611492
214 112.39101320465255
215 103.46753230577951
216 80.34999409077582
217 97.08794025957158
218 91.70519187375614
219 107.5181949827704
220 94.03530954490198
221 68.87816235462115
222 98.62895222101771
223 77.71214647137941
224 99.81961852818519
225 96.04009394953557
226 97.70682587946862
227 103.55515054784382
228 107.0405629528567
229 85.4437254335505
230 90.40542805820404
231 83.57857206740097
232 111.39405614892098
233 98.62505110109348
234 107.25952918756943
235 103.90111402036545
236 82.88158448785062
237 92.74770353906564
238 95.50909186005829
239 111.06635696158294
240 98.62908590779435
241 86.41614441394532
242 102.9933284008731
243 93.92239779865454
244 106.72377374693183
245 109.14590876420715
246 95.69377006826426
247 87.52426053274709
248 88.11501924011631
249 98.9687595302051
250 78.21616382891877
251 91.6856746710013
252 94.02133095360102
253 101.75302239606789
254 107.00594264704745
255 101.75585851282217
256 96.41464833578604
257 84.2606114097163
258 96.64934845288859
259 84.64165332012237
260 98.59522506666931
261 87.01717845880623
262 92.24328040244619
263 93.67292750335916
264 98.10341018096918
265 112.25204965889479
266 88.26602476309957
267 101.34290671731402
268 98.6371545251562
269 90.46135783382495
270 112.15598213411344
271 82.94747631448942
272 101.87463036206483
273 103.66778433176152
274 68.04999848499114
275 90.3982181533739
276 84.48761864017503
277 82.4675318104698
278 94.04556971762736
279 100.33872301074537
280 98.43807758662687
281 108.00034550231992
282 101.11937647938689
283 72.30377098033412
284 97.28510917943477
285 101.38704365829727
286 101.67832067819322
287 108.91748658252213
288 87.26746749147215
289 93.96582950235855
290 87.91173550972702
291 97.98630026014378
292 93.81976761348255
293 99.24882988427953
294 97.43235861390586
295 90.96010934974126
296 104.830989756091
297 99.48449270766284
298 96.37709417273079
299 106.15246568828525
300 99.28942184837025
301 95.06903402432297
302 92.86981166077126
303 90.90493600008512
304 96.46551777695446
305 85.54845284698847
306 102.01818295489628
307 85.15679738812274
308 111.30896019735727
309 87.88152411542944
310 85.24667348624284
311 108.93829708021532
312 99.4471019200305
313 110.16536633933342
314 85.43504547702847
315 95.47034105012797
316 98.98301844109292
317 87.51355434401322
318 86.77328784551294
319 79.19954623153572
320 105.67425749897558
321 95.0000564522948
322 105.12168528926985
323 103.43107006181778
324 83.72232486337003
325 101.84393241138878
326 107.8731300975403
327 100.60709663069896
328 105.96633386115745
329 95.48604547033925
330 95.58455659009422
331 87.7878228572747
332 94.66276310465456
333 90.86163900617136
334 100.23106938682041
335 108.20341415651082
336 73.05844719396362
337 97.76775330036932
338 102.85217803108186
339 81.16453921224834
340 98.8311851762848
341 79.50033859802572
342 91.48287144939816
343 84.76540112126197
344 93.53692935316985
345 95.94897613247757
346 86.0113866428675
347 106.98548936237614
348 102.91714717675906
349 89.70045369546288
350 90.22405501529424
351 86.33707444854204
352 77.23663044092105
353 86.91642588318909
354 93.98931891184203
355 74.16999312239032
356 90.21214813467613
357 105.2852685479335
358 90.6289614843183
359 92.30232568415009
360 85.56425455501373
361 87.48935394864284
362 92.13460525785496
363 79.28171066820941
364 92.55310708047271
365 86.8099595442954
366 86.45592215792915
367 79.25331503224534
368 94.0464046780076
369 104.89804820567855
370 92.76445327746897
371 87.20882811160213
372 95.91876636785776
373 94.9532050477238
374 96.94862326617681
375 92.6021053990305
376 88.57185967089761
377 89.46366464560666
378 94.19971157093521
379 73.51057084054194
380 94.30287020189452
381 86.97244331006279
382 103.13275391096568
383 88.9021336188063
384 98.94658327681297
385 89.49634548693982
386 95.55032654896952
387 88.12443721658765
388 79.91366068691887
389 88.59817201483514
390 69.0468505327817
391 92.18206429875907
392 103.23394367710898
393 95.25006421555646
394 76.51360269192662
395 92.35007823736578
396 97.46358223392355
397 94.4293204845046
398 82.3909032189296
399 102.99051196174501
400 94.14839620345349
401 96.58650189570038
402 98.20931706182319
403 97.16332361314952
404 92.50112781218056
405 73.28523649953584
406 88.19765879783259
407 84.41299587745351
408 88.79349696656442
409 92.72416729685744
410 93.6779309406347
411 87.7380247377678
412 84.89434512079052
413 102.89603626862085
414 95.15412164366573
415 102.82645919408705
416 94.3755177864289
417 88.50092959375682
418 89.2647136713356
419 98.0465099920412
420 87.46852124622447
421 83.43459542355008
422 78.02233071623434
423 101.9623482555536
424 79.4767229252528
425 105.9071211874481
426 78.53240065840778
427 96.53007763896763
428 85.98893116036221
429 72.46614776453892
430 103.77868204640858
431 100.96527748125598
432 105.97644340077183
433 93.01388746052858
434 88.35333870482955
435 106.5190068802952
436 89.18748203387835
437 90.595793108614
438 107.50844617018788
439 102.87100312045276
440 94.82291055550556
441 76.8406850858988
442 78.78704146298647
443 92.57953323079049
444 89.94229695702587
445 85.14029682985655
446 100.10896495401597
447 99.62349089202348
448 91.98611308864582
449 85.31057524935879
450 84.77664849831334
451 105.43890211448503
452 95.62527515293264
453 83.84699691024129
454 94.13083927763563
455 95.40698956416428
456 88.45284306519238
457 91.5441719840533
458 97.74037722947035
459 87.8579788425089
460 90.01444764857426
461 84.01298845687968
462 96.5281662284353
463 83.20453148342288
464 102.24932521654081
465 98.79181120051763
466 96.94461491574643
467 98.41264984976317
468 96.98545118390511
469 92.16210666155526
470 79.36639091602014
471 96.86081364319115
472 104.37283269178214
473 96.58836839659989
474 95.89534506215395
475 87.24621338346891
476 78.3602011438219
477 100.73079945955419
478 98.9892806497319
479 86.72949088965804
480 109.11699828579331
481 94.49243796470105
482 96.96299899930332
483 108.02202277019934
484 76.98150272507004
485 96.20461656700475
486 82.4157966417365
487 117.02672756986426
488 115.85946780088858
489 90.81070805172337
490 94.78449927242139
491 90.49246410391889
492 106.42499685549168
493 111.18655873285871
494 104.33392222124385
495 70.4578933021333
496 109.90412578022209
497 115.52114652760037
498 91.84755175299426
499 88.75362033447814
500 76.24048996869521
501 102.64820394793877
502 89.33602807832901
503 76.83506038335298
504 93.47657222766676
505 97.17937602773327
506 100.2140534158102
507 89.2583782930413
508 98.89474513834155
509 67.684753310691
510 76.63626040927149
511 111.41657842440407
512 96.41716701698371
513 93.02458682323113
514 91.99485515292308
515 83.052831127765
516 99.40334223557534
517 99.05639741416014
518 100.01432201605422
519 94.25334916008028
520 101.33159683473083
521 78.41072608078593
522 81.48631262299155
523 86.25871958456406
524 88.1305174923106
525 110.73274391173278
526 95.26028121370301
527 77.29726523028725
528 88.76333621110984
529 85.10772698221622
530 118.083629513565
531 89.84038051294483
532 81.75320188688346
533 97.66778508938646
534 89.06613237226237
535 100.56377317776288
536 89.22175659767528
537 98.40800369277073
538 91.03272509116505
539 81.633371281287
540 90.86550162482489
541 89.6309217580385
542 102.47641013563663
543 92.4978827273627
544 113.4531933035561
545 97.40450304793843
546 96.60584477647684
547 96.69739782554738
548 92.93282297624434
549 81.046742760185
550 94.8503818784919
551 97.14258872948184
552 89.19855333521964
553 108.16579648698735
554 89.51254185877173
555 102.80767244332148
556 102.1935917893218
557 96.80055930895325
558 97.86127194237228
559 92.3462372231252
560 86.63477319033557
561 87.09197821987789
562 86.38159190703598
563 90.31934359317678
564 95.25738849527903
565 87.86704493457754
566 100.68175576373469
567 94.74798823705683
568 95.4187187652699
569 90.72709966467612
570 95.02722476821171
571 91.86849401230765
572 90.51141642521767
573 106.76387787465761
574 86.484824538094
575 105.96342612912501
576 70.52277017011438
577 78.32629572800309
578 83.98811616184621
579 93.19519825698448
580 104.93929301810888
581 85.30082605726349
582 92.85749975752783
583 96.2935540788783
584 99.72380312630649
585 97.13883268224195
586 87.10296493777913
587 103.17289988231738
588 88.45530146072679
589 97.82551915217066
590 82.40528813996919
591 77.35459863975545
592 104.92518357321623
593 85.0766873705277
594 97.82517206924429
595 83.79577591332372
596 93.05486266448789
597 82.62063287608916
598 90.51388152484232
599 91.86286400253157
600 88.22523051814845
601 113.29740844808745
602 86.84317900076502
603 69.97487249834849
604 94.24079279305465
605 78.1666293582747
606 97.80576364841097
607 85.93386633075609
608 95.5959365589896
609 90.93603408079123
610 89.73338601105057
611 91.70247698300436
612 98.11398469659808
613 85.62601691734673
614 74.90324101205721
615 98.30437766693767
616 102.47815409129379
617 74.22837413766844
618 104.225725004781
619 100.77584863319021
620 111.99026858550988
621 90.67308004032921
622 114.16398741445681
623 77.56724788348053
624 108.11014821322469
625 79.07065704104355
626 91.8494504446573
627 93.59439064043198
628 104.275757469919
629 79.44986561149378
630 83.75987705258787
631 83.64859167881093
632 88.9187804062945
633 90.64350862352373
634 84.81222764970026
635 97.68431970344602
636 90.71874934249547
637 98.84875667219065
638 93.98236890879876
639 109.58751851438674
640 89.89022222482839
641 91.39294356711108
642 104.13597526811988
643 92.60777737889345
644 81.1412343271143
645 96.61874753520395
646 96.79119280668702
647 85.44896356266501
648 103.83552160775582
649 110.53117663251481
650 96.95359032888103
651 114.81037657976523
652 97.50773780611416
653 99.28651950987305
654 103.8127727844367
655 100.21088022418628
656 107.89467066434169
657 99.80959543209381
658 98.34187601774768
659 117.76049230076335
660 101.69507635169643
661 91.16777658499936
662 77.76930728953985
663 95.44825444964034
664 96.70285046552253
665 107.67318056022813
666 92.83905478276972
667 101.67283204226081
668 98.19365747053556
669 107.53692362924804
670 89.40070473825854
671 92.63913123036221
672 108.8396343773572
673 109.6920904400547
674 93.21161111095398
675 101.3138519634283
676 92.60976864740816
677 109.00747496617944
678 101.22791046556127
679 103.55133522759638
680 94.26957575729095
681 84.9056328332945
682 73.13241344753199
683 85.0274511547368
684 110.61463716734346
685 90.41103979033949
686 91.8645126084695
687 102.6796562031342
688 94.78574659484877
689 87.59494425655805
690 92.85022665272106
691 110.35014368996828
692 91.88963468017793
693 106.98856440625805
694 98.37426354905605
695 99.26476235983188
696 97.0856372734207
697 89.68505872011619
698 93.46895862936407
699 75.57137554198381
700 106.17113797927013
701 88.6682823804998
702 82.51310601039027
703 95.14964596871224
704 110.67674079248756
705 96.94748269240824
706 102.59042106270488
707 99.00964838647994
708 80.38523147139811
709 93.31212400140774
710 72.61912823868447
711 112.00862827596099
712 78.27900858379716
713 88.77897726909072
714 89.36801048924102
715 99.93788727087812
716 107.42015536486522
717 82.52444585243997
718 98.64951399124809
719 90.42268534100623
720 84.91239150666122
721 89.62493131225716
722 82.58206006915348
723 90.09900331915095
724 83.70178358170214
725 115.40175516011409
726 114.80356850576203
727 79.66857606563988
728 91.40104665771025
729 109.25756987935581
730 90.38141166429617
731 105.16241937363687
732 73.03166254858812
733 95.79185994067265
734 104.1115445105259
735 102.09592980457597
736 86.46604564249328
737 78.58817170579641
738 95.70418299733574
739 94.79790166532574
740 91.55968030603064
741 91.46148114938671
742 85.8401602374845
743 92.09731043721906
744 96.06701649352419
745 92.29460397006028
746 94.78787321080647
747 77.09252563559559
748 91.25169497590991
749 90.29446387611488
