0 65.93948392020374
1 116.30139677271727
2 80.26429959370574
3 95.01301622054207
4 86.11626533318721
5 87.50851078222256
6 88.76287813151923
7 82.59072936025434
8 101.74445968356488
9 100.12125186111145
10 97.19782314399812
11 86.66234066460844
12 91.1401705947158
13 82.76218728439152
14 105.92318602594207
15 91.14286336977692
16 96.68745904052524
17 90.43961122197926
18 98.9043033601551
19 97.53232640300253
20 96.03885192641306
21 89.3638806852474
22 83.05866661142836
23 66.95866679470767
24 79.36181276075351
25 111.52086040504388
26 82.46864408215806
27 83.21243487966333
28 87.9052301494777
29 89.25010915384318
30 84.80903609780492
31 89.99562024884509
32 92.77674601530015
33 72.6076516746245
34 69.13950606743451
35 81.01591812094904
36 81.06322584060028
37 77.30419242465018
38 92.7754636620152
39 97.81186477390357
40 75.25954640578854
41 100.39261573674492
42 79.9170059568465
43 61.963305677887035
44 88.82534367413996
45 110.72327834251331
46 72.82339990350972
47 78.76194462264179
48 83.70425581738243
49 87.19515797320383
50 80.05625244645191
51 87.53012495510309
52 84.4280124271707
53 70.56943336741368
54 90.4284479961445
55 80.78309497360372
56 85.40782855512951
57 84.25603997196758
58 83.58679948226825
59 73.60944525522791
60 93.79935197323772
61 82.21528546921822
62 85.35617150231971
63 86.84076950565927
64 100.2038943978936
65 83.33022350983278
66 74.28535480857212
67 55.69995802495657
68 107.03917570149318
69 93.79152487130376
70 100.2307372577455
71 83.98568501653834
72 84.48055267239167
73 61.3834287011393
74 99.62961190012656
75 93.78486532412798
76 83.52357514489015
77 80.70659889000765
78 88.18435095230372
79 75.29650123707474
80 86.7846050038127
81 110.6149451778858
82 78.07954684722144
83 77.12449544516987
84 116.56287604864038
85 121.49799323348552
86 74.96767797623582
87 78.87479632354872
88 101.91523270664655
89 112.88260775602588
90 84.285863185285
91 59.926039164336295
92 79.1196444963882
93 57.06267679794092
94 73.96175012116082
95 90.51845323612939
96 76.15853709406885
97 74.11776378779444
98 44.930696466731206
99 73.07444527696575
100 71.52096693290507
101 91.04387426090966
102 74.75720681528823
103 88.95686529827027
104 57.98438868342204
105 64.56749309154148
106 59.57830730420345
107 59.7870017542911
108 80.77133153099365
109 88.75281333919905
110 63.96344169571013
111 77.02986849183263
112 73.54851756054664
113 56.270297670744476
114 82.64715729111111
115 100.02571406449317
116 56.248630414741704
117 87.32258508109203
118 77.69704947564567
119 85.44808944897913
120 109.30976422406523
121 82.1737883929434
122 100.43673162601591
123 98.24658399204144
124 106.04266136666693
125 78.9210735425491
126 74.34887151089366
127 80.62845225776184
128 79.37108879670505
129 81.63971591578479
130 73.76452722958625
131 69.36927898951126
132 69.70127461012312
133 90.64461866636695
134 112.92467510795244
135 84.52432855399165
136 82.1827569312982
137 89.26385479321004
138 100.43128790751052
139 83.15044148793464
140 81.37023390508497
141 87.65719759180655
142 88.33483489245631
143 91.34164678499675
144 74.93150052312647
145 107.82606252063965
146 107.82825452407342
147 68.57893002295651
148 85.25437762640388
149 94.00378059512515
150 87.84611758894947
151 79.51331409491887
152 94.17867923880532
153 83.1623040636642
154 73.70231041628783
155 85.22938011434852
156 97.58679324172347
157 87.77759831171966
158 104.11819185771495
159 82.90963120250458
160 98.65087771015897
161 72.16237548358832
162 76.86709737143481
163 86.77532529388432
164 111.89436600244647
165 95.5705984676854
166 79.51928408543564
167 96.95689446312386
168 69.2211836433361
169 97.55270206006819
170 93.99212332527595
171 87.84839134743645
172 98.7071099576101
173 86.93142273508698
174 82.87058684074344
175 89.00391410065436
176 76.04191992982493
177 54.762433107823156
178 95.88771455688263
179 77.78337515316761
180 97.41157889942465
181 89.2317458360763
182 102.43915201858061
183 104.55351735891438
184 88.37915860888229
185 96.0137496745782
186 70.64881045299295
187 88.59939325647767
188 72.10077561639505
189 78.48107502321179
190 99.06134033254631
191 81.36676271865193
192 111.91807252150727
193 102.30953889517187
194 58.054540563434266
195 67.76278163599581
196 90.3959235193568
197 103.14981791441666
198 87.66009983880927
199 74.10165791139926
200 90.73701614612689
201 97.2035914175275
202 78.22287257030597
203 118.68266877804211
204 71.38330485042215
205 84.33132815910864
206 69.03689657512136
207 80.62435798010576
208 86.6938072574134
209 78.51168949929828
210 74.63902593078362
211 78.63404664891785
212 109.28659437742085
213 102.84088850767941
214 79.92339428821307
215 72.71743879543057
216 70.69266937801243
217 80.8477325769087
218 86.00753812687124
219 80.50274387951887
220 72.58948062251802
221 109.42586936685301
222 82.2798190551947
223 107.60443464150384
224 91.62355547036016
225 98.48923977157311
226 87.77564492993847
227 83.4149703676493
228 88.72303230826874
229 84.32089784637807
230 82.24564467548106
231 93.23318186779653
232 88.79996715078964
233 64.74508154842555
234 89.28593175052414
235 74.26641811598267
236 90.81834165950578
237 61.944109807966896
238 83.0080908189979
239 84.61237035704231
240 82.04459190099101
241 62.1462232104491
242 79.72182102984029
243 102.74604639492902
244 64.10255318995924
245 82.0889676084568
246 61.188987775729245
247 67.64071256454167
248 74.34427760127238
249 94.9163457393602
250 82.3696731464248
251 84.09339392181718
252 82.18820401233077
253 98.1117797403427
254 106.61862198119495
255 91.85189047273892
256 59.01267215544885
257 79.05120403029852
258 93.28536001182015
259 81.54218341632361
260 96.94911136289731
261 68.43531963550687
262 91.01622997862674
263 105.88486304053814
264 93.76978077471333
265 88.90740959259048
266 83.97542691436921
267 83.11321098261432
268 83.64160239221656
269 69.71502249690379
270 81.33269569463098
271 91.97613363711531
272 79.91546387412478
273 95.16316770471845
274 83.27462084699805
275 84.09062500891159
276 64.81662148439428
277 105.23968602720294
278 88.58418906323038
279 69.35054573782084
280 94.32738854135609
281 84.03040656729463
282 83.37390396423524
283 83.23237540830144
284 92.57107975022247
285 73.32066153158635
286 81.28639183828903
287 84.78481468140694
288 80.01520705518615
289 102.82482583734692
290 82.38037688756934
291 55.02370714053678
292 79.10152812063012
293 89.44643209708829
294 82.24045576238093
295 92.27691858785585
296 99.03695761380851
297 83.00423484442003
298 94.21585377717267
299 105.37376951176797
300 75.75334428594306
301 107.90609687836752
302 91.17470136198968
303 103.18808916520393
304 75.57900221646042
305 74.5378601741777
306 81.30084288816643
307 57.56258028930564
308 76.27894532613841
309 81.2882741439874
310 93.19736966911637
311 98.69695381885208
312 82.09157049500895
313 105.03678857118375
314 83.03543007797396
315 69.489602750602
316 84.66826121040162
317 84.50467144922398
318 90.16037659324273
319 75.44633927684907
320 75.28959739084365
321 80.13615956570445
322 89.16756085904692
323 85.94522117789944
324 88.59623518983534
325 63.1324188815761
326 85.57298638417356
327 80.21102548014926
328 66.07973825060378
329 89.99255378677033
330 80.6349473327025
331 67.8228431989765
332 93.63660902848636
333 57.68814170013824
334 76.04166750396428
335 95.77878864386086
336 106.21539996077615
337 80.08211381021827
338 80.434817624186
339 86.50085519726508
340 73.03271501495557
341 83.90371042870983
342 87.69687753125994
343 76.76899814549495
344 85.3271825431627
345 74.53785916145682
346 97.6811107073204
347 99.50427016264646
348 91.7513420648857
349 51.40730937399053
350 63.568102572210975
351 76.21843301192216
352 93.9735406278829
353 89.47203736107745
354 107.73136665329612
355 91.12476851018461
356 91.88079210287255
357 95.35172496372542
358 102.66095876665077
359 89.50661897490859
360 82.48351460193558
361 98.87890423846575
362 94.12379377771737
363 94.76338881116203
364 85.03171819455744
365 91.07832075025719
366 83.81707879179572
367 85.7516360768162
368 82.29229097516868
369 61.55502356375784
370 94.64632725043975
371 94.06024904723508
372 69.79882954170267
373 87.67086025364853
374 104.1596955029736
375 82.26522938661762
376 77.16189792187633
377 100.3182165348052
378 103.78443230406825
379 108.11485153985905
380 115.25948009576084
381 77.48837331234317
382 96.04341381907415
383 103.84520898171697
384 86.00706603222322
385 76.37308222002517
386 92.92249199026475
387 95.82439728001918
388 84.33569428517366
389 94.8827676219753
390 85.24855305367285
391 90.20449266556865
392 79.52659599432586
393 112.00825942234736
394 90.24023731938217
395 79.06744786843255
396 91.2805630590257
397 82.55602249067469
398 79.89489355173181
399 103.45869509007962
400 75.65887699422956
401 82.76286725481663
402 83.51999122953421
403 97.34749934332606
404 105.6383586766772
405 80.1706975991505
406 78.77280903000782
407 99.27126809343716
408 84.19101015619697
409 101.02849081743386
410 79.65733526518252
411 85.12560399883313
412 77.9363275476564
413 75.99165309433697
414 76.80691750321236
415 100.71548582156636
416 76.92749473868243
417 90.38072344198426
418 79.27946662819215
419 76.90361523090498
420 74.28688019183804
421 100.18744981327613
422 80.88021741836606
423 104.72457991888375
424 93.26575895486035
425 67.89498773027616
426 91.76146716469235
427 98.52103823781435
428 77.60741524430863
429 77.21801130702515
430 108.78744837281603
431 74.25978480284309
432 85.02995450768591
433 89.90208655542543
434 88.00751018563417
435 104.88853558858284
436 93.36105431125895
437 72.20267565032034
438 83.31922059072666
439 74.91373892581828
440 96.6775313691353
441 70.42822148199109
442 79.6269588187968
443 92.40073441973394
444 91.36707175292459
445 103.11789588108893
446 58.02791503151593
447 90.68378126471221
448 74.86474625659535
449 104.24620145813621
450 89.62209130721388
451 86.87081269262794
452 97.2000652187895
453 101.75609381261557
454 90.73675256133816
455 103.67489586936188
456 100.8560401030427
457 90.02978314159584
458 93.4986381396473
459 87.44203449635984
460 98.602163114185
461 77.08472505840662
462 79.25327602105091
463 90.72433285002032
464 102.5502650282642
465 69.72314727369336
466 83.7556575205547
467 89.5938751651405
468 71.48432627745547
469 106.70244582764403
470 74.66544121183676
471 96.08272368121166
472 74.45145608096918
473 91.48583397530614
474 75.7575667872489
475 68.09788429299041
476 91.58929176652906
477 82.53615094687346
478 70.17412996421402
479 88.0357386898238
480 86.73313539510664
481 64.97284431278055
482 74.90951682831653
483 89.1201661943909
484 88.05930509450164
485 91.20563769414245
486 74.65432941778387
487 74.42779787048447
488 64.91145033418434
489 81.69924285748996
490 87.65117489230929
491 75.31439735060047
492 113.875942510167
493 89.15797874058696
494 90.43189875955333
495 79.7917507337816
496 99.96627694334515
497 75.1289446702791
498 64.04207879597806
499 85.12931580958256
500 69.9848035972327
501 78.13145324002174
502 84.38464935662512
503 98.24928434570681
504 86.98551745148578
505 97.23467300214797
506 100.70823167478488
507 85.72125923811015
508 67.70788396057735
509 74.4982678798123
510 108.30178513742256
511 85.63555407363825
512 77.69480061724092
513 82.76622764619965
514 84.44502922287172
515 73.68522480417444
516 88.26236924627716
517 93.0751352982633
518 90.40183687751663
519 101.39564200879161
520 80.2391032028358
521 74.65331493620468
522 83.94795222293412
523 87.11943552302884
524 89.3147872077859
525 81.41423525476485
526 94.68675655597772
527 89.92182354110498
528 90.31491107559413
529 85.33085095387928
530 68.62986689729323
531 94.39354944031155
532 91.73217183787453
533 95.99030663523614
534 97.91952657482021
535 78.23296054466233
536 98.67407895579743
537 103.70601599061844
538 97.85024453727033
539 105.98658483753026
540 70.02584031811696
541 89.6547079711224
542 87.34689001317726
543 86.07279291752619
544 93.71086258894276
545 99.59215406770664
546 84.78774295793022
547 92.91645700043813
548 70.63513274865616
549 101.14694172807026
550 95.45122946158159
551 83.50733190006312
552 83.24749986867126
553 77.64082630461387
554 93.62599188531695
555 84.18452662122615
556 89.70841294933949
557 76.99843346440197
558 63.57253002915141
559 79.00837271716796
560 85.78466779752678
561 81.77883833366262
562 68.7170717078038
563 77.05946748825568
564 67.01096204393824
565 73.03268336445947
566 85.81459012671408
567 109.40478009583184
568 87.8104629098672
569 92.85109781418537
570 77.26490056583803
571 97.41349822229472
572 83.07952284329343
573 90.67211393236117
574 67.27759294044925
575 59.37565933572068
576 77.73248994880994
577 76.44247380601666
578 88.12152340088048
579 94.69832110947097
580 89.09141157543417
581 62.86402264231435
582 83.38050567319816
583 86.9589994309797
584 84.18353353959175
585 94.5819194099916
586 76.16202352699479
587 80.70009111946563
588 85.40261847223864
589 96.00098586703699
590 82.36849782510095
591 89.18796003022709
592 87.91191991659298
593 105.77910596516614
594 81.5028658357235
595 81.0224762390678
596 82.52049579338247
597 85.53849755486365
598 64.02185593265155
599 89.21152545912263
600 109.61264072703257
601 97.87902312914532
602 77.80764582331436
603 86.55801610672471
604 79.19267104488024
605 89.39883199311527
606 92.1561027880713
607 97.77275658745887
608 117.29264779041964
609 91.17905294630174
610 69.70201758143104
611 72.76649074157052
612 78.58617448407897
613 89.21784704180021
614 80.78206536145291
615 107.53237408671198
616 86.71165138649029
617 81.84502632166182
618 80.81500467417881
619 57.74993720347466
620 62.07971302181289
621 99.81413331345549
622 85.6986704608095
623 73.62390287549056
624 84.4828140495603
625 89.3200117796414
626 81.7321580243349
627 80.60096012522162
628 77.96753162383959
629 100.64686515532748
630 81.87058813454252
631 79.84640827470676
632 86.67464651839536
633 85.03868808689921
634 87.43180577689016
635 98.08519014535776
636 73.28052661366752
637 82.4289838874815
638 99.8824288102549
639 70.95648223465138
640 67.50597168983816
641 93.2158154552
642 78.08758926074866
643 74.5765871651398
644 90.631791852161
645 80.1868706980462
646 100.76424611636982
647 112.00647257573378
648 90.6010440320587
649 102.17793267265286
650 73.21072550498998
651 83.10651681916062
652 89.43909237749466
653 81.94362674556015
654 67.88898432400508
655 97.076585741
656 80.2573463783094
657 109.23203971878411
658 82.6842257155014
659 82.19643620718341
660 103.80429659658435
661 101.8256390358872
662 66.1667975967425
663 87.91232316770254
664 89.597061014486
665 95.64803121956444
666 77.89318010200572
667 95.25078394324596
668 72.10174947534043
669 92.33158749811827
670 105.22895802921401
671 96.01399569601934
672 68.91145565710654
673 90.88901989738643
674 79.52404108753713
675 104.40044826534687
676 100.94116004548135
677 85.32921035522351
678 96.39203911521905
679 94.72125620552403
680 73.3558887350775
681 91.62902767322123
682 87.30837750211565
683 69.15126197737783
684 79.98740738313786
685 86.60291287139022
686 72.18507018584278
687 65.35158350644168
688 106.10251842110819
689 91.873075413558
690 74.51486441638448
691 72.11250334861947
692 99.0117057464535
693 89.58334179491911
694 93.74007932334575
695 99.59459519059004
696 67.72396456362138
697 55.784066924741126
698 92.66925454118996
699 72.65064522181667
700 77.29113929776797
701 77.86763769868942
702 78.89281742869589
703 68.39583645223948
704 93.08494728693543
705 80.05423172778846
706 94.70167535593622
707 66.63235799873448
708 104.91879944487316
709 102.32151574073204
710 80.72080707609595
711 72.32421887827138
712 106.49873187101106
713 104.06195694938786
714 87.86979568695071
715 93.71572410702069
716 55.95047589964415
717 109.67979189316269
718 96.88418274128423
719 98.76306873498153
720 96.99622503623746
721 106.13843500234695
722 79.08417811246339
723 70.93025242385302
724 101.12160402846231
725 79.73815154783283
726 98.53234211894157
727 98.44599291280478
728 86.53753384539819
729 88.79326145882489
730 87.72053573401537
731 69.33470707805321
732 81.86820226404095
733 95.62755351128101
734 74.9971248471747
735 83.94476233879367
736 77.16885416120343
737 72.0787073259819
738 91.50997038510631
739 81.52478701100236
740 80.5847575457049
741 64.32285288243378
742 75.9609674400861
743 94.24105823502704
744 86.78989884868895
745 77.01594114017482
746 86.21998922036737
747 79.64927988279747
748 94.70329185866784
749 84.91437859878008
750 91.60883352999674
751 90.05646393058738
752 84.85303649058204
753 96.96236155969314
754 61.882913373021715
755 97.25376498226323
756 86.45809118908346
757 73.29645264005693
758 68.13593620339388
759 82.94620200353111
760 101.51617990474898
761 76.9347282433265
762 78.94736006617458
763 68.99101060847315
764 77.10360548687491
765 91.51856454062995
766 93.60613050622317
767 90.92243018428425
768 85.59718495300106
769 78.09716338555995
770 95.08403464743384
771 79.83784569129809
772 95.23871171823589
773 83.35538792784241
774 88.35779626501545
775 83.03474566271235
776 75.89660443192824
777 89.15988136361237
778 79.06390802130335
779 93.07074463825364
780 72.76490005128458
781 67.97676751408416
782 98.44547639826854
783 99.7999191577321
784 92.25751786294856
785 75.39561749440617
786 95.55959493169136
787 87.75212521779379
788 91.21514454750658
789 78.25489789693188
790 92.08440300474722
791 94.28592946723252
792 77.49084116331456
793 80.42945979093756
794 79.57614849016107
795 71.96187041430241
796 103.14398493259799
797 97.98766040999685
798 90.69710524347168
799 75.96888390056468
800 67.44652693075598
801 86.07950794784765
802 79.64977283270937
803 62.35603727655454
804 86.47861590081706
805 83.33528034477523
806 75.94099625297845
807 94.78202551287846
808 103.52059444457586
809 83.61765817007519
810 82.29901058546929
811 92.2927601714355
812 86.42098201156888
813 99.87951039737482
814 83.79598268943191
815 83.10998976785233
816 74.12783906398792
817 88.34907521600242
818 74.20683417228972
819 86.06144765353783
820 99.43756518372189
821 85.0689072281614
822 69.72197303195516
823 88.45781781533486
824 94.21075611997102
825 74.39976435730573
826 81.06465780610466
827 71.77854879913181
828 100.61202771238501
829 87.28387496240346
830 73.06750993206302
831 94.58761749854524
832 95.15259779916684
833 100.46744528150673
834 90.35904974119701
835 79.62198529025842
836 92.81322657831583
837 101.1136662318525
838 84.81488484927374
839 87.54177506194216
840 104.36036337375671
841 74.05065369121024
842 83.75601874983037
843 82.84515706297289
844 108.18001293581366
845 92.453101404016
846 86.67978617335949
847 83.57799551810153
848 105.8697862003016
849 99.77720460790177
850 87.86374539155118
851 76.73085388605733
852 89.40285210071659
853 71.36240126799652
854 84.93492082294763
855 74.85244561263701
856 63.444529573930524
857 92.1682998525278
858 76.79977607717052
859 65.88850789426168
860 96.1315201777059
861 66.95884275890579
862 90.66777236200994
863 86.54574311023855
864 96.62988633770088
865 94.92233881339429
866 74.23622146796198
867 64.55279493064309
868 91.30884963525831
869 83.83175504027882
870 85.6130792975023
871 84.34362135793451
872 77.68227276614824
873 98.67102822914798
874 83.83762698636937
875 95.37992551738894
876 100.54826188820324
877 85.75500236891322
878 87.54755383097618
879 65.19516515151808
880 80.64191297857852
881 82.61756986835725
882 90.82711694309388
883 107.73791080944014
884 75.59049621142722
885 77.2867559954364
886 71.75336567908116
887 94.25757575674476
888 106.15657258940054
889 81.52777413709825
890 97.26173730222006
891 65.03015081813767
892 100.6089891298731
893 88.03654565595498
894 81.3322865887572
895 76.88326656785735
896 70.66173513434887
897 91.99982612689354
898 89.00703492541585
899 106.07970891234366
900 98.83489042692221
901 104.35209398245426
902 84.0929010293743
903 77.32714023918666
904 85.93044864607008
905 75.86631438728588
906 84.40036019998692
907 90.3626787126647
908 94.64217440543045
909 89.01577181992184
910 83.57032975786704
911 93.31390021061982
912 108.6981456523476
913 79.70666001886241
914 74.81827800739815
915 91.09048628636604
916 88.8238421932271
917 104.24035204055384
918 77.69318945455336
919 63.35299103205231
920 67.70548296661622
921 72.40347334235852
922 100.23390463450863
923 77.63331457933839
924 89.33539984749503
925 87.57839758040582
926 86.58371411444544
927 86.20499812424903
928 90.63995646542853
929 64.9735675253219
930 77.83678934065621
931 90.41469621747581
932 65.03068068772896
933 93.80635022306787
934 99.60010261248969
935 76.76048607502634
936 102.82126847690415
937 91.85286138655266
938 95.66446660271873
939 84.65055108175348
940 77.10857721295162
941 89.22767115696023
942 100.41191864914556
943 100.71127799483736
944 70.51244011352085
945 87.01684615312817
946 87.66936101074737
947 92.47683657402342
948 76.26234912629218
949 103.35271968908643
950 94.74503960585787
951 79.62723221121958
952 72.75857598692684
953 81.73657607792893
954 96.83089951987563
955 86.68134987758239
956 82.81699825218837
957 71.40040149630906
958 100.30820399155643
959 71.63183978943648
960 85.6372023415665
961 100.04527334822754
962 77.38079017101872
963 63.35705651938015
964 78.23633797614464
965 66.17172744119405
966 89.1304439554475
967 95.3910039920908
968 96.45436089333153
969 92.42512497422375
970 86.23785759145244
971 82.04677089921299
972 83.91715100394569
973 78.41951268910344
974 92.0089103335682
975 94.44289831442342
976 106.75876525662649
977 69.83241323037191
978 90.07580609275267
979 77.01168737098482
980 68.38363325666472
981 89.2574673099373
982 101.85822365096973
983 68.5968629249508
984 71.09802903084207
985 91.2989528044265
986 83.90634055383586
987 99.36623853605094
988 98.56222697563507
989 84.48977955613685
990 61.85982544180595
991 85.57011114516594
992 67.80524279153087
993 100.24964583080666
994 90.69016539216803
995 101.87872114933599
996 103.48588882879369
997 76.87909073663371
998 89.58582657172299
999 72.80385674942741
