0 130.17652390675954
1 121.64962096730086
2 110.88830965474007
3 98.5614165011666
4 114.98218925360096
5 129.35342295648655
6 137.16755791796794
7 125.56780201524796
8 121.81304310479653
9 141.8305100732559
10 120.00130035963322
11 136.69819422026447
12 114.33612888484707
13 136.19239387687597
14 108.5726083093307
15 123.96931238451482
16 127.3722078558299
17 123.6414176847519
18 149.8426041448249
19 115.0457090654977
20 138.61660039064282
21 128.11522848602516
22 141.31359817593565
23 118.79703116098541
24 117.92849880194586
25 103.67638909745406
26 118.86852589154503
27 125.41603244003981
28 137.26092959908922
29 117.19253483646018
30 118.27066357857795
31 113.93836790293152
32 108.234039585951
33 112.28720688041189
34 146.57619282167224
35 134.85106411494266
36 124.94382752693532
37 140.33562834215522
38 136.44265169568015
39 113.60354200116139
40 116.94497945425815
41 159.9891057382658
42 99.05042065141406
43 119.02201324649616
44 124.80506896694065
45 130.9407102184403
46 130.72699256503256
47 132.39746482996296
48 114.78114377144718
49 108.42197945912953
50 115.30363296044194
51 136.37735773381817
52 130.14425629561114
53 120.7945223611976
54 108.32203324330925
55 114.31427164102975
56 109.77282649906364
57 101.7139108075675
58 101.78608785366119
59 91.7876573751325
60 126.56349173509768
61 125.8813956547725
62 122.73543630852494
63 140.52243567806025
64 116.77654208904433
65 151.39095905661497
66 134.09068358327917
67 147.62379889683683
68 139.6526418133763
69 142.42823227181995
70 128.58326231210413
71 149.25847603288307
72 136.17965229131312
73 143.9477820171017
74 154.31053410993482
75 143.26888751034414
76 133.2075973239975
77 126.72906369603047
78 98.01568638350031
79 124.1736917384465
80 133.0960827675336
81 126.28022744947039
82 128.57714395612928
83 137.53629018928987
84 120.54076012662756
85 127.85293921000202
86 132.1508022811087
87 146.01012074864443
88 109.14231352992157
89 119.15165832330071
90 107.0034642018499
91 136.338702445819
92 122.4058193022335
93 118.462598069542
94 118.87775063304497
95 133.60457341591052
96 113.1090381023554
97 110.89714220570717
98 136.83849957572744
99 77.38018924373932
100 146.22013723705223
101 113.9049239088801
102 104.3018905389798
103 114.12583946895629
104 121.18956886090652
105 149.40760012271676
106 103.83973257277447
107 124.13600525070218
108 114.49268557295308
109 107.95436513349878
110 127.37688206100299
111 116.29683335052529
112 133.44336905152196
113 115.93781069029693
114 148.0170558717077
115 102.99781812076351
116 114.6908692142621
117 153.46196416442942
118 132.8396700527126
119 134.6616942914614
120 115.70815194755923
121 139.87229356102026
122 132.76494945625174
123 149.20562713521633
124 99.05091317949608
125 110.9428119348909
126 117.527998614058
127 112.47649611086777
128 119.18331783643511
129 160.85918230957333
130 113.17615058742498
131 137.61983783362592
132 106.10585380427072
133 131.31103098896028
134 134.77193599344147
135 141.58548103914612
136 133.0421076682697
137 147.52961059921884
138 143.75780375143032
139 152.60019969814255
140 119.92239347360936
141 107.65119315433003
142 115.31201679777841
143 119.49501751407152
144 118.52041971534273
145 134.41709120517203
146 135.48300811757426
147 120.71030945229096
148 100.00663579962904
149 127.94751520475234
150 142.001582445772
151 123.79304033826344
152 140.12501770262122
153 131.50732309222613
154 127.46837166955254
155 134.3465083931894
156 127.16863310151005
157 140.33854155294483
158 136.55576929869923
159 99.56762770302538
160 108.01617022688181
161 125.09065151821217
162 109.04387462258988
163 116.5411564523788
164 112.55463839129919
165 132.7962202995452
166 102.36032859427634
167 142.04407958895015
168 119.6800473991157
169 116.83691145693639
170 138.0541422462779
171 121.31686264257539
172 135.59207177036308
173 135.4393855755463
174 151.5671648861639
175 128.83908836854678
176 153.01039296351846
177 103.4526953669774
178 147.70142561206163
179 109.16131123607968
180 100.83683694978838
181 127.97460239247414
182 113.6078487895434
183 124.74708690919937
184 129.28182630001928
185 151.57993036510882
186 116.53115545424691
187 147.33681710810092
188 114.50900066251533
189 132.62508011677428
190 141.53907542396047
191 154.07970093436674
192 146.31397143893315
193 129.05800849416488
194 137.83856605706413
195 108.5908463282827
196 125.27879607205651
197 122.11103483367633
198 121.93015354724398
199 139.0549952360759
200 112.18255733561718
201 128.10185515230538
202 123.75322359003843
203 127.30961479172989
204 125.25979025567426
205 145.6874180544587
206 117.69983576855901
207 99.72497280596724
208 141.36323045924092
209 125.46763085274546
210 119.22301679076077
211 84.5731728494476
212 112.72533480690579
213 133.75164173386474
214 133.87910509731967
215 134.13333788384108
216 121.59082614153657
217 145.37148378422432
218 149.77329960327268
219 129.7007937465896
220 120.25543816157115
221 118.50736315677048
222 117.26259558954187
223 114.49392934676153
224 129.00307520251877
225 112.35202229583479
226 130.78019507673685
227 133.06705333475108
228 134.76817339497518
229 119.60844944208905
230 123.49438311632645
231 115.13830327651773
232 101.7402233473222
233 134.465833865355
234 152.81495291925773
235 119.27856152402806
236 126.25660354596646
237 119.15970486053921
238 143.8243142194506
239 137.8655055260473
240 134.81234893467862
241 98.31191528550899
242 104.2457752270269
243 92.98875880562551
244 127.45239990675901
245 123.8719975063189
246 101.24515960575155
247 128.82961468972317
248 127.10150515337071
249 138.4812145693688
250 142.0116520367972
251 146.21081847541862
252 133.73638198151576
253 140.31395857857737
254 118.96187264031414
255 103.46797238016366
256 135.57317661040588
257 127.26874985212434
258 106.08288736573893
259 126.11719085794601
260 105.13229940016267
261 139.92067412123035
262 139.98957535623273
263 137.09421180577314
264 120.52842695238466
265 112.77053644327063
266 115.51068733953409
267 130.15602774200428
268 145.37441031758794
269 111.8527115729398
270 110.64223331058248
271 126.89089702011852
272 103.23895384861838
273 133.36457191484058
274 115.56432182744659
275 143.80256017664783
276 102.9130106693669
277 120.83063475243034
278 129.36365642717269
279 128.65681210411964
280 129.20399469003132
281 97.99826275473974
282 112.35165624168276
283 137.034645771628
284 122.4613647811879
285 150.87774981351248
286 100.45849353567533
287 137.54275025760367
288 106.20740241077273
289 138.0959320227305
290 123.10565079220403
291 129.49492907660203
292 127.96696543596589
293 109.02124265316075
294 111.63848286405965
295 126.32518946739373
296 105.15595383556517
297 100.93417644370433
298 109.74062163110275
299 143.34512176859434
300 127.43334663375722
301 121.31743437967752
302 142.0684863274991
303 112.04217258336956
304 143.44794327696027
305 146.80609481409704
306 119.28306918661887
307 153.2427614229298
308 127.61112139841929
309 140.67334764671247
310 127.54997672953681
311 116.51533380679966
312 133.1509518995614
313 143.00894897361854
314 149.3499810884512
315 125.96485495274361
316 150.88261927464154
317 116.94809251967418
318 125.1857051281279
319 142.2690503589078
320 131.49089475124296
321 142.3546997158264
322 148.85350638318187
323 143.4820241617432
324 127.59387946974869
325 136.35922350348574
326 131.793418747992
327 124.47459404615961
328 100.99708556607412
329 155.05151136373078
330 124.68942443521097
331 143.24375946644597
332 136.34631694455092
333 111.83539647315183
334 120.52766203018517
335 117.36424217013553
336 123.55182301383977
337 109.69530490501363
338 149.02026653323216
339 127.91011381798565
340 107.89516017619748
341 124.28615510208131
342 117.74418814408904
343 129.3346666278838
344 106.80826279636024
345 134.26459841821242
346 153.92095872491288
347 123.61470701595132
348 143.06719380629727
349 117.39952854573188
350 147.37114023746773
351 123.20167555383762
352 135.5230892870846
353 135.45101243715746
354 139.9857048763913
355 150.82842332070175
356 137.00568086062447
357 118.29750953277693
358 118.11311749612435
359 115.32676613806466
360 131.55219314447953
361 128.08228184253272
362 122.65745944489923
363 118.91982841094557
364 141.13781401846867
365 104.39123811333187
366 145.44291755053592
367 139.07235324384263
368 136.44074872533778
369 97.26198029347145
370 157.80112443606308
371 118.34931984092826
372 129.11841443216537
373 109.8380736506218
374 106.66360524888663
375 104.11508007601078
376 127.9917268830552
377 127.46983424672933
378 128.81138646958397
379 119.48406552370793
380 112.52191651540073
381 120.95190756808383
382 132.23864230424098
383 142.9886195561882
384 102.59594813139265
385 130.6266313779137
386 141.79369069481228
387 127.89920210442085
388 118.22824388887426
389 131.50061587059804
390 130.73439158204897
391 143.93763647486614
392 94.05188723044428
393 134.37641524394232
394 131.4604887031755
395 147.1704435547126
396 99.68425655055287
397 136.74388254506513
398 124.87294932037283
399 120.73069465291552
400 117.23853854151275
401 118.86725411275611
402 134.2242298801019
403 139.62210607339713
404 121.31680101838833
405 128.84422652658918
406 103.67090750705563
407 125.839824016958
408 127.32469616398213
409 124.642758204638
410 149.54156509496923
411 103.35260035509778
412 116.14082468306034
413 118.18773735920286
414 133.5237028960076
415 130.9573895860993
416 112.13877075925654
417 117.22521237527131
418 99.0567674953734
419 144.94905135322122
420 116.81015009789458
421 134.0071253369814
422 104.71407266190259
423 120.59806437058229
424 121.69954802019056
425 135.01175229677753
426 143.3602486295601
427 124.3666618876287
428 122.07549796421748
429 122.68487103395836
430 140.1727837259785
431 137.14529702906668
432 148.55542840709123
433 147.79419820176437
434 148.3168057343935
435 124.56710123739363
436 127.36696160041342
437 124.06352288192025
438 114.61105504349304
439 117.72384165468111
440 132.55196667623022
441 141.31880103157786
442 107.9168347870746
443 106.65570039317937
444 151.74755164087617
445 121.67012080398962
446 131.00244926767937
447 124.90879797624083
448 135.90297667448024
449 142.35303654928768
450 139.6052056590032
451 110.51726842073619
452 104.84314174485965
453 123.29411570310663
454 134.30131679706636
455 105.42672093544566
456 124.790120621811
457 127.30639432451959
458 110.54749632650744
459 128.17873616630183
460 140.70335872192044
461 119.02137978968719
462 117.16259483056844
463 134.36894695584917
464 132.08208901818452
465 132.1570476229682
466 148.63308830994737
467 154.81931646921814
468 122.66658401554892
469 133.00868323170477
470 140.7213956635987
471 122.57354367175886
472 138.6381482107042
473 129.49636893818672
474 148.06569040118296
475 114.6037708530149
476 112.36643950676695
477 102.79357350133986
478 131.47876687561111
479 132.0643241746874
480 105.70930892618001
481 123.17206206453108
482 131.31711155882422
483 143.67316431492466
484 119.67255135218682
485 136.32713815726422
486 125.68420136072207
487 120.67541962820395
488 133.74545382107289
489 146.36144941373982
490 128.78249180835718
491 121.62252840647665
492 137.57877160152805
493 146.29446873258433
494 124.81459783127016
495 122.73322665076265
496 109.24739239118094
497 147.39949853459322
498 70.10781824813743
499 117.79782543245005
500 143.26942011257674
501 125.23464668894344
502 146.35226530955782
503 120.41348884739499
504 138.55629892975793
505 142.05565839084025
506 128.0125304161974
507 133.52453113042748
508 122.39188338080075
509 125.50302028221049
510 143.36800667027163
511 130.13080968813503
512 124.75972668428867
513 122.61689390031701
514 127.92489841276905
515 113.60251553677597
516 125.7400161633076
517 139.0748424387431
518 118.10045975828181
519 128.32003569925698
520 133.29781167140257
521 127.22413991715308
522 134.23270934758645
523 147.63913129903216
524 121.79498857924253
525 138.51174706358734
526 105.42014717368849
527 124.60226492680935
528 142.63624032974693
529 109.83350839527196
530 116.16837602285617
531 134.22252570897322
532 116.28483722390587
533 117.62077716273022
534 133.7534180935902
535 134.17474311071678
536 124.9162619301685
537 112.45661953224057
538 114.87494839797598
539 119.06280969140802
540 126.62053339842842
541 148.20684743295158
542 123.81470728024178
543 141.8358406947047
544 109.18437916558541
545 138.92886641809423
546 123.16182463254728
547 114.77280672048941
548 114.1940392502859
549 113.87358527693581
550 126.46147722666403
551 113.05020886659439
552 144.85614074732854
553 137.99193873254694
554 125.1325181398889
555 147.68569750002806
556 133.9796253530402
557 110.17700766168176
558 130.67396798608715
559 119.76161463787129
560 125.3747601105222
561 133.6336598939419
562 113.10149825040584
563 143.6946521217899
564 96.53999232221415
565 141.85331503978807
566 142.81252452898107
567 109.3866878314322
568 127.28301155014033
569 114.63097531232192
570 116.8089738780528
571 122.87946282082397
572 145.56153093832052
573 111.27479440852318
574 163.00100512527885
575 150.85859396032782
576 156.24215315142604
577 122.62907026269153
578 134.3021742834914
579 132.01612607425616
580 121.51281336529836
581 120.9400212512402
582 134.7200392228739
583 119.88335316857265
584 98.69369042882923
585 134.8763455874296
586 132.87009648454995
587 139.39796726481143
588 131.61066100706594
589 123.78754652246761
590 116.32785147753243
591 123.99025262133617
592 125.82611526861717
593 113.2221870324992
594 162.38568581269627
595 134.68691403894394
596 147.9798537413564
597 123.97016424916902
598 120.94888791112298
599 121.7439467229591
600 111.41149412657258
601 140.0461924882581
602 130.8451291435237
603 115.16919308854662
604 129.5073580172301
605 131.27263003725835
606 141.76180602614272
607 145.1307064748273
608 136.8307355086279
609 138.9995066070211
610 149.18172360162723
611 118.19925130037464
612 142.0812262890305
613 135.17561740481952
614 119.00156613407698
615 130.95703880083093
616 113.70829546775744
617 125.00511115767124
618 116.17340812084753
619 120.41332901690592
620 100.65069720497628
621 127.35338830924452
622 133.45571233934746
623 130.2642209693023
624 122.36911674786536
625 146.1056358117315
626 91.72223617684669
627 116.49697829267305
628 111.85752700557828
629 113.08698966124219
630 130.90510272369457
631 93.35481222296379
632 134.97379103845336
633 119.78751357063977
634 107.61718736504098
635 129.29648253411864
636 112.2646606174625
637 130.7967214864377
638 126.62040979720436
639 85.23700509192159
640 125.71101887017657
641 122.41771617241818
642 136.69710738678987
643 138.26836197985455
644 99.37375271854972
645 128.59113267550157
646 148.58645249000173
647 127.29295437692727
648 133.70155618308073
649 149.2059583490545
650 158.09760496002292
651 124.28513930057949
652 115.68536959542314
653 116.73473674832414
654 126.14146694899189
655 113.77553746528567
656 139.2505563673293
657 127.12012965763361
658 127.90179138682642
659 111.25393928506233
660 115.12638083312525
661 128.3705329988583
662 145.04627262805764
663 120.94494851851314
664 139.07665588131718
665 123.0371092116126
666 130.81607548473465
667 113.05432541553125
668 118.1760258942951
669 124.23138548548204
670 129.02619219908848
671 127.99654579437463
672 115.58408475636239
673 116.05801697334064
674 129.6308731855849
675 120.00389060791666
676 118.97904021066542
677 137.44089207992693
678 112.65857471841761
679 92.22089517413238
680 160.2455133364133
681 129.19882841362556
682 111.46737577552017
683 120.15621895219387
684 108.52453889095095
685 115.43667779309284
686 108.32578111195657
687 128.2751323358513
688 135.27804771284215
689 107.47780218656769
690 132.2264173521871
691 139.55733957392775
692 121.1907934236381
693 125.9620211280503
694 119.64623952998897
695 145.43239846341342
696 146.3428375331279
697 116.4590349520545
698 139.64877400234303
699 114.38480341317675
700 125.01488487397013
701 167.77383197655007
702 125.36974419201032
703 123.59095302958855
704 120.53501609816021
705 144.89040551790865
706 141.79861770286507
707 119.54420814439062
708 118.88775521420114
709 126.64484664033864
710 117.51749004422827
711 135.35989557422948
712 118.03409181098588
713 101.38867016470603
714 99.80212805491438
715 110.82879418508043
716 110.04716027472737
717 124.84366519575796
718 112.75963712343555
719 131.34977215269578
720 138.41798469969902
721 130.68465751613851
722 144.64976200662807
723 131.67192375137142
724 128.3461754674968
725 141.68241106813554
726 141.19987829699042
727 122.72813370362832
728 106.67134036444476
729 135.18234338301164
730 147.48543520836475
731 136.2982608677689
732 121.54590366835565
733 127.06376939919977
734 140.3028138205979
735 137.42840730234394
736 145.58457639576434
737 137.23071956338282
738 109.7214618496618
739 131.54123623369978
740 133.80771758393232
741 128.49866127883664
742 130.87038496793934
743 140.81890354297468
744 139.66339570138044
745 134.81262523030395
746 111.75415065328833
747 140.7573111030591
748 120.35626333217718
749 145.93671592003506
750 139.76400418711268
751 141.26290428500508
752 116.39185847408372
753 96.2083806551817
754 127.18329689087842
755 108.9109550221797
756 154.641945487487
757 114.65022168440176
758 144.71419154599994
759 120.84329303971758
760 98.35695601429413
761 110.02756834320442
762 105.14010619329378
763 102.30467046173918
764 113.25562804185708
765 126.638053638667
766 133.03634564929806
767 118.60913624472518
768 128.71905375670767
769 117.42838930896488
770 113.51793267609452
771 140.05028543203304
772 115.6512024517504
773 144.80692319346764
774 139.8087173332507
775 95.02515937277965
776 127.83201106090223
777 104.39990580164014
778 159.72499824044
779 131.38348629388108
780 110.42660810988158
781 137.80132918275294
782 143.27678172641387
783 121.62949037447561
784 136.95597550881007
785 122.35110863602631
786 83.01482340442615
787 104.02761594361044
788 143.21082701078265
789 116.39695641003156
790 145.85224960537724
791 158.0155157691058
792 130.00900464317706
793 151.4008285389002
794 126.91905317148638
795 122.25078435317788
796 84.0278505213776
797 134.31288023832516
798 120.72409458896175
799 154.83245881573768
800 137.53478729660682
801 114.32649218534948
802 150.75070337839182
803 96.12708576647731
804 126.83612885743351
805 136.65384603095444
806 125.243082674244
807 137.95461799336707
808 112.86865940034919
809 105.67968526971661
810 125.74194147646246
811 125.89020084634215
812 114.31100124931183
813 134.08247687167795
814 98.17621279662049
815 125.87727637310005
816 126.57613026212836
817 129.26541895628725
818 120.64176031050438
819 137.18120522540784
820 135.96943771934636
821 115.62614757000716
822 157.78037953048928
823 130.09264019533097
824 114.83966675156728
825 145.24122035488685
826 134.25619691846677
827 123.6119544586323
828 146.65932691487802
829 128.90031776951224
830 128.81312343695419
831 111.87293889788961
832 142.47836408185736
833 111.6327178204165
834 131.37409617439883
835 118.33353522684513
836 122.26084835248989
837 132.1568765340694
838 147.3608995292329
839 143.442337418733
840 125.68656830614627
841 120.6817791672217
842 145.14066116456212
843 121.70044590814707
844 130.65934792029563
845 121.09647522510468
846 112.21249391797792
847 125.4727056177294
848 132.2565703273803
849 136.61438104199388
850 131.83417539078295
851 108.52586296301247
852 134.87911700021672
853 146.5638741914203
854 159.8092582731241
855 121.1102006330042
856 119.28143300967838
857 131.67000829335845
858 120.54571960443602
859 137.04251660413686
860 105.91516689125541
861 143.99360624876164
862 111.05461822879565
863 99.65794119844277
864 121.08333511290336
865 125.16765213395159
866 116.47238294629436
867 140.8867323049799
868 139.3193341328362
869 101.17103368105514
870 115.72832070147916
871 143.05931424800954
872 84.65556034656679
873 96.83502593367685
874 99.45415587358742
875 117.5625099999083
876 127.97032512649061
877 114.10107254460084
878 134.7330049439416
879 102.18901588414204
880 114.24996977384143
881 132.63828268043764
882 130.5083995440583
883 135.90041848768587
884 121.14322326328829
885 132.34222344444143
886 146.0531578492378
887 120.72763957249832
888 114.88552081100008
889 140.85138269491358
890 93.80873799531405
891 127.14094271447529
892 146.30181626908657
893 150.53750844427563
894 129.00864790826552
895 138.82880433196863
896 118.64955108827793
897 133.63858600778593
898 145.2808524697146
899 133.55146256371674
900 128.00538614511325
901 136.5058801910542
902 126.4003424437824
903 114.08716354917182
904 133.41428383209168
905 128.04169562605475
906 91.94469393521823
907 112.78791786037456
908 108.22451942866425
909 129.85469946679498
910 132.4805494556487
911 123.37147161473678
912 115.26533572766456
913 121.96161869237233
914 157.71897701712174
915 89.93604201601126
916 139.18642786954558
917 112.51407433801185
918 107.60032685165935
919 114.31895834248955
920 145.94510240636333
921 130.23124510906354
922 119.90067060243999
923 105.39826329863581
924 121.12701222352182
925 123.90767570256735
926 113.47551946185476
927 103.3845981774399
928 130.2678582585862
929 110.45641038486332
930 125.96797231331885
931 110.99899564525074
932 106.57205453711188
933 139.5528256148122
934 150.22133886387022
935 149.57883815408474
936 128.95109649637337
937 120.05677718914154
938 137.9385986659173
939 127.87873238280407
940 156.30314675668996
941 154.87756707693066
942 135.9196229759567
943 114.65883073107754
944 125.78996196551195
945 101.8276037302919
946 129.7762141806809
947 133.28122300127646
948 135.93246068381305
949 131.4861855735717
950 126.62495803999353
951 121.42554975894161
952 114.75520408213586
953 169.83595019408395
954 114.1302425120714
955 112.4908053494866
956 95.14522903456044
957 122.02781950071105
958 118.72796128806138
959 138.44721519810028
960 140.21196227520798
961 133.30256552319625
962 118.72245569684134
963 112.6162606102543
964 144.6185990109102
965 127.10163446066684
966 129.77900895985536
967 117.19228173055622
968 125.0983980297247
969 107.32273689175943
970 119.52416367609732
971 133.91825150452306
972 148.9881411684347
973 115.87457557614805
974 134.90653991446192
975 97.21969473382795
976 129.58346054317047
977 140.20001840882944
978 155.69880518230912
979 111.8735688857733
980 120.77380618167285
981 107.7882823745625
982 123.08872922974558
983 131.36371284699499
984 120.16381341255214
985 116.89962808867905
986 131.93317801690216
987 144.04630668625347
988 91.08461625217731
989 124.77254426856142
990 100.53369677248071
991 105.31500754815612
992 114.97476923195816
993 139.91232425860008
994 105.85498092119798
995 150.32587534260264
996 139.92598220708143
997 116.81977269394133
998 122.31127570778536
999 116.99953342993733
