0 80.85617455446759
1 88.57478331422115
2 85.53651294134455
3 62.56699584272955
4 84.19302234348216
5 86.5192747665784
6 73.51105110233158
7 86.15784207410356
8 81.07495145074903
9 72.90241762238608
10 65.11733268423161
11 78.362013785424
12 93.83047406835246
13 78.37641708941861
14 84.97628314880075
15 74.19582788043913
16 84.02207373151224
17 77.40680454711357
18 95.29368957010735
19 63.03506851661399
20 82.36805893291007
21 98.65478227944793
22 68.81888787459653
23 89.63088724766635
24 74.93527626146631
25 87.0813220605202
26 89.57045655477191
27 62.12086211636095
28 78.04824047357694
29 83.28209208833408
30 86.04092791532352
31 61.622000764438
32 78.85643538933873
33 84.22516924153307
34 59.63016532737729
35 93.35617360485476
36 95.59045241279986
37 89.29258152222684
38 98.43000380959376
39 68.41554048440987
40 79.9662255645871
41 87.77346524434867
42 66.30251912157358
43 83.95051065677687
44 83.45188754827552
45 93.29908902822407
46 83.49903768195071
47 79.96437641266077
48 76.61106676394112
49 74.76340510900579
50 88.30226590965216
51 90.17662988804751
52 107.00108233483436
53 82.90740248193875
54 78.01708254937068
55 91.0117035958535
56 61.076563727384546
57 75.87030547843823
58 81.9286440888615
59 70.97074293331471
60 92.24316317740713
61 78.55480245246902
62 77.4511641548595
63 83.48263463561427
64 74.75934458934077
65 76.030531209319
66 88.43207994467801
67 75.37056248871085
68 87.31605164198508
69 84.46861715259028
70 89.28395948837282
71 75.28305614736479
72 77.90787749956364
73 68.88411912019494
74 73.51450781748474
75 94.48779600517652
76 63.00810557908124
77 93.84484667128767
78 75.8833433398175
79 78.96286593436193
80 94.59778647811028
81 77.85637974616476
82 88.1844001293919
83 76.1490448189331
84 64.07938734652576
85 81.22642281851448
86 64.09736388627458
87 90.25363333983276
88 64.88647359892175
89 86.49411475963454
90 76.42126789444474
91 70.94528243358862
92 71.05777516974565
93 101.9900918346702
94 86.54893416977201
95 62.36667693816063
96 79.81047277986639
97 74.6711617715648
98 83.25388642120672
99 79.59902699887047
100 81.40397904480514
101 92.9547668073014
102 79.48069117678168
103 78.30103040788194
104 66.55718352475886
105 81.2946474607015
106 71.47536397911146
107 82.44864219023013
108 76.69205777300263
109 67.53372492164827
110 75.74917161415753
111 75.12892842985063
112 70.75576264982804
113 87.14571371187701
114 69.98648456392748
115 78.86066363053484
116 71.59924257966715
117 73.9250518998949
118 60.807354736889195
119 78.5667520848441
120 87.86308417544343
121 100.08875727150317
122 81.76797998645459
123 77.44756467046774
124 71.95367934964706
125 98.25111953676192
126 69.66384579001705
127 86.32743545197256
128 90.39360768091055
129 74.04885386800308
130 87.70705016931211
131 82.33802550881025
132 86.968938017764
133 62.65043083747474
134 75.52113541610996
135 66.85455105930438
136 76.50305043568765
137 95.94827974705669
138 74.77358000618551
139 86.53997601108055
140 98.06096008915439
141 85.5412766273454
142 73.22944291264037
143 94.94602440203954
144 96.18452974511978
145 69.60491512467291
146 73.06186099776558
147 98.8932278915793
148 86.47688459596802
149 76.12542310951338
150 89.5215583631665
151 93.79168637731662
152 83.7524609152219
153 82.76981699991532
154 89.02491075074698
155 93.15507085843599
156 81.95441103310881
157 96.74748327756377
158 94.30301023507559
159 91.77024795394355
160 79.73561792162943
161 69.06714479935029
162 91.87048759087426
163 72.8980047493238
164 87.4339580840504
165 84.62890908832335
166 101.26200472070387
167 68.57822541121521
168 107.69781246824695
169 97.34694362747788
170 82.4227771579039
171 86.79016405058272
172 80.82232044568218
173 80.2387062919415
174 76.02458376626022
175 88.59657302598882
176 86.59884542555108
177 77.06298456859112
178 70.75728894692739
179 75.77833344555297
180 67.02817233242902
181 87.73592778484607
182 65.46312392252902
183 67.08997876357921
184 89.51787368981357
185 76.05174272472352
186 75.30960499641559
187 85.09172724897475
188 87.0104750619105
189 84.88819365211747
190 85.33413034797432
191 86.46112261439531
192 98.28861307463265
193 61.15488371837923
194 69.058665977254
195 71.76182607951657
196 84.01501175879004
197 92.7642156182684
198 72.28373977011591
199 95.37171651570578
200 84.49299295407785
201 96.67861416916088
202 69.51861844159069
203 96.34076311333659
204 85.3144319685096
205 77.20848724643155
206 86.91541403112058
207 74.41290675109472
208 90.35333885135239
209 76.50382444047638
210 69.95935369832759
211 90.70871995967029
212 70.66516271172273
213 93.76151653358606
214 76.26976968696844
215 99.29526585694758
216 72.05467223166106
217 85.87836643371612
218 62.434657117555126
219 82.1988808050691
220 91.5275118122159
221 92.02515344411844
222 94.02704648128149
223 70.93283568820796
224 85.7574502459501
225 88.91158826238745
226 87.14683901801541
227 76.03965810813918
228 89.96628765574927
229 95.15966148154642
230 71.04024354464276
231 53.11437260475067
232 91.37356457304814
233 73.72218504774783
234 95.01016618257846
235 79.1324199523877
236 79.30804968416022
237 72.25566102407956
238 72.1035655986285
239 77.09837341767604
240 81.70992486746435
241 79.30533633257004
242 68.43613193255348
243 84.54600164706129
244 82.06717036824351
245 83.69563767724695
246 87.88015930413617
247 93.38996579132031
248 91.64592326729948
249 69.44269567245553
250 84.24446383857348
251 99.78807651955732
252 73.39633859809065
253 84.01197636877085
254 82.87009914579806
255 78.5291050697802
256 53.381837981776386
257 90.59924144602567
258 83.56370763472692
259 70.34585414584198
260 72.21709469720268
261 101.10799951237419
262 93.4800920654491
263 95.20935796861752
264 89.4625486302275
265 76.8677539630425
266 87.17075831765027
267 89.21233081049768
268 76.63049543332382
269 79.12081877588476
270 61.602008481289026
271 84.10435659253002
272 89.42201399527984
273 87.08664757289178
274 59.723402012964385
275 63.81923007991145
276 66.7254890421063
277 68.32556042056831
278 102.78269097701633
279 93.20129255415941
280 88.69800690060953
281 87.1008477028086
282 90.20279351881061
283 76.35711851952476
284 63.82539481240947
285 84.28902046659715
286 75.95840346630126
287 78.03464657040922
288 99.6480642161224
289 78.80843431385337
290 90.52184042920258
291 89.81752866427655
292 103.72088973489505
293 84.48967890037717
294 87.98462881605249
295 82.04893133493884
296 95.33263685579499
297 80.614477882727
298 85.64945236986124
299 73.66185987541257
300 87.3800997303317
301 71.15278563146485
302 94.36832412521869
303 68.12594051492071
304 74.52553976144725
305 82.13549746990248
306 90.33158630639936
307 76.9009294898481
308 75.407491760848
309 90.3657905057263
310 72.13754019256228
311 69.89024154522305
312 93.39955222368565
313 100.24389964713457
314 90.62047011308422
315 78.40283710713204
316 66.35691587092825
317 90.3553024208024
318 100.10502430695374
319 93.81812195568111
320 88.94782110762345
321 93.97297406383244
322 99.33541303674991
323 71.23461460050349
324 103.14361160058156
325 88.12659229619602
326 72.87648551625709
327 81.89237609436731
328 83.27645473113137
329 66.67348031316232
330 86.85045582916416
331 82.10277849334503
332 87.84391798680804
333 86.10292783335014
334 92.43323355360545
335 75.57087056706533
336 77.61155053266069
337 76.65239717431535
338 97.08493688150087
339 74.86927213224588
340 89.9979860095272
341 70.06153464851151
342 101.53412295097267
343 85.96397922178501
344 96.18987560398573
345 83.70523977617778
346 83.49312478989464
347 82.30510846376934
348 93.81354787119236
349 87.90793830589462
350 79.10111499076848
351 95.78525234610713
352 77.21889289909709
353 55.97095761787856
354 66.26579988828026
355 90.56526249379607
356 59.28395372096183
357 84.93503023907915
358 66.3940249885735
359 86.18740689528651
360 86.87060062014172
361 80.21790736664468
362 78.8082171589604
363 82.29871503539381
364 82.04578923369341
365 100.49890608943849
366 82.06928409829297
367 77.38899805201653
368 73.22519970683383
369 87.38426438840582
370 93.72390877271812
371 84.73295610751273
372 62.78722142551677
373 87.4829434249135
374 92.14874080336467
375 82.53616582902447
376 63.44982965094295
377 89.90660915282461
378 88.29857199028449
379 63.07570679213722
380 93.66631277952047
381 69.82819371885344
382 69.82244661168603
383 82.6433626721549
384 72.12946244642941
385 68.11711037532258
386 97.0330963300042
387 81.20188762075972
388 79.19040096519467
389 76.03491264217301
390 92.05910167359586
391 78.26963146885889
392 91.13389570350961
393 84.69703357103836
394 84.40565095119086
395 83.23132017384997
396 102.61345275060457
397 104.74164244977675
398 89.84791301258223
399 74.39353288299408
400 73.42710533847887
401 76.80579362164688
402 73.33047818502521
403 94.25979841857834
404 73.02803168813695
405 84.32308721665727
406 86.34230051719241
407 67.6926189129134
408 80.79911313981563
409 90.639807320729
410 57.29706359318557
411 83.2380582206332
412 71.40263747118827
413 86.75479577176046
414 79.57194412898092
415 71.4298188394064
416 52.731214481601036
417 77.58188365139571
418 77.76364147848521
419 88.14517869779964
420 89.7451782977533
421 76.00776353233731
422 79.58318874715556
423 66.28166286144675
424 79.85476309950872
425 91.96783102740797
426 109.59706244352675
427 98.61661363122869
428 76.26167897382321
429 71.69221606249428
430 82.58749631188093
431 77.5625467107275
432 75.5383636473394
433 56.56116264580097
434 86.65927628641438
435 81.32915652384746
436 98.0414547983913
437 81.74974993348289
438 81.9897121491878
439 83.82689909657547
440 86.52976765529782
441 75.78363500646414
442 91.61623578915689
443 79.69932631049068
444 74.44518852760496
445 64.40004550904811
446 81.46480264327548
447 72.85451221685916
448 85.504888548975
449 88.51894228130841
450 87.52418723139162
451 96.3663333525218
452 82.28212809573557
453 88.32531780524482
454 97.9965990925376
455 77.44420873957625
456 70.89079717209586
457 77.05354717863733
458 71.41966799492072
459 82.64662259641626
460 68.17244334571215
461 88.27481847449944
462 86.77420592449607
463 65.59861450070206
464 76.41382539772636
465 83.67319905337101
466 77.4916195067478
467 83.91928865145648
468 72.14107010365205
469 85.24475710736385
470 91.81718135523222
471 77.50242275991425
472 91.06958500587028
473 91.66410226811546
474 79.5163103059115
475 74.58482201041585
476 84.28716097368934
477 92.46975779489823
478 96.99539361442513
479 96.9970996259715
480 93.74757443466468
481 73.94059326539963
482 90.0056172977187
483 98.23084299680004
484 85.08711986324592
485 66.67194774525854
486 92.0780789391611
487 74.81840838503518
488 85.2300256143081
489 84.50595856651253
490 82.43517198527117
491 80.31509172955225
492 70.57229179183456
493 80.94373076472374
494 92.27749502105515
495 84.90422673918005
496 89.00222039990632
497 72.94345730779915
498 69.44196134712097
499 76.23534122721091
500 82.79823105770606
501 93.9383208067472
502 61.99165057324773
503 78.17697765453421
504 65.1729605547308
505 62.95135126433113
506 78.78688600780814
507 55.272566767302315
508 90.58800333641628
509 88.12653307141053
510 78.62788944329758
511 78.97220173113769
512 68.0581535454753
513 97.46562739090042
514 78.97402220626853
515 73.315307716726
516 80.62652945292733
517 91.40851816054429
518 75.41401814095478
519 71.19729937564873
520 81.24381128910883
521 67.89964123858036
522 95.12906988471663
523 72.69787660659931
524 87.95922425457215
525 66.81798498189838
526 62.570579421179154
527 82.00860188440272
528 84.67686814403832
529 93.28887122742297
530 93.18090875924656
531 46.15653335293283
532 77.66674581770879
533 82.99461309609906
534 85.36943527132902
535 82.9947990758723
536 77.75494796227703
537 89.47143292791924
538 84.04078681560274
539 67.67669783713991
540 71.92455951091054
541 90.3820468892394
542 79.17991786764915
543 63.57021772117321
544 77.31983095621987
545 79.967678260117
546 71.33632630635861
547 65.29337969159691
548 70.9412919279351
549 53.13958939008386
550 73.16777332151622
551 80.53714986614779
552 89.49482355233327
553 85.49540474680104
554 93.50788424423592
555 79.29674947094622
556 72.65061426009804
557 80.29864014634211
558 54.711564915650186
559 85.69418740960685
560 84.48819740923786
561 93.12724713707601
562 86.5320479786821
563 85.53425787132198
564 76.50557403854728
565 96.92276354721393
566 88.31521353185563
567 69.79912345045577
568 85.20418000524562
569 92.97198161695195
570 90.61474484923963
571 77.21619340536327
572 92.17605200493203
573 83.0370044572514
574 86.23388602236655
575 62.23019411308197
576 89.45821367326425
577 55.48510651770031
578 91.12867551794281
579 78.77555770967713
580 62.28536068376318
581 83.21497217558218
582 84.3641986487345
583 71.87612263164849
584 87.96595787744026
585 100.685512669211
586 88.74926084204762
587 91.25017283500962
588 98.65807162364104
589 92.57154162389186
590 90.77119989506761
591 76.11454126177001
592 92.57967503098322
593 88.11746592443554
594 73.30889355012116
595 84.21870637741971
596 98.85710014168211
597 85.54662358777497
598 89.06888292281009
599 101.65733461604597
600 66.92516943943208
601 73.41919601601634
602 59.58171104141528
603 85.89980258507936
604 86.48271969294584
605 65.02234966815533
606 48.57077575737624
607 83.34832363892977
608 87.13245272585681
609 90.17248421625676
610 92.4818697813624
611 91.39356881026062
612 76.1680844409633
613 95.02774375997588
614 94.26471937921983
615 90.87985572527593
616 77.46019057669119
617 67.15820735568349
618 78.00344784258851
619 85.80837822362753
620 50.159323087287554
621 94.36061819061263
622 72.20951188231037
623 82.44504380056209
624 71.93446452281773
625 89.37121384571785
626 68.11706117541215
627 72.47976968043892
628 74.43986872282727
629 96.5317792361668
630 85.85781688076128
631 80.92502919109623
632 82.45778910359763
633 91.22821526500545
634 80.8107953953058
635 79.00651678590634
636 70.23698363999372
637 83.68623729686769
638 99.53293266990873
639 75.60514886187522
640 84.7260587708996
641 75.63808748291567
642 95.00986171266408
643 93.78614393781444
644 62.756117098962626
645 89.71545040660463
646 72.96926271437742
647 87.52491030018483
648 65.01694588162736
649 85.2721519631791
650 100.23014509809464
651 61.303906845114035
652 84.56950381616083
653 73.69402655127408
654 78.81301515867627
655 79.73266463603751
656 98.86120645103196
657 63.149963673371936
658 83.0406388017338
659 78.35023753571534
660 86.95627625671307
661 82.24647440082508
662 93.51698080426961
663 88.2835619433347
664 74.46616612642033
665 78.5239677120784
666 89.9336797084386
667 64.31233828366241
668 79.78864427916733
669 113.81606541729084
670 92.51045489041341
671 87.1123628615261
672 79.69118071344565
673 86.58525763983255
674 72.5686465291851
675 86.12195341266059
676 81.10045358893693
677 77.94980749547405
678 98.24799493571254
679 74.03229126292075
680 90.007399357209
681 84.22713505412526
682 84.42486201445432
683 96.4593639275687
684 84.49204697112293
685 87.08995781034108
686 74.99278713644506
687 96.15061757481502
688 85.5464133070744
689 72.72332011422581
690 81.85761813785649
691 89.32913608372652
692 84.8317631367685
693 76.49577275697519
694 94.39158753419972
695 80.36340360299495
696 70.168599385952
697 71.15245215583703
698 79.01349566071188
699 73.15673875956999
700 97.56795095883483
701 83.61464330358419
702 81.1010344352179
703 86.05032010011747
704 90.97256105092562
705 67.5710761007788
706 90.83172315457001
707 81.19070439519963
708 68.94521095308583
709 91.57049999503259
710 90.67383102012276
711 89.05890144235165
712 64.85756879654222
713 73.02440423992955
714 101.02120803161078
715 83.79964235135397
716 93.29718556053355
717 88.64719364913508
718 77.92986916979875
719 74.88418399287181
720 80.62080001620913
721 71.66422542066141
722 77.14547690156458
723 75.392848487991
724 92.91276404312276
725 88.79343601660447
726 88.14305203236488
727 74.55349393410424
728 93.0306947412798
729 68.08084377983218
730 93.89636112361335
731 74.08305983987943
732 101.83706954306095
733 83.57341908725164
734 84.40636204232624
735 88.52133006249541
736 76.7222788252156
737 78.78008361721439
738 100.56100287131862
739 83.3360502914578
740 99.06445621342621
741 73.99949849705175
742 93.13297892359758
743 90.56095362167024
744 73.92131004374599
745 98.79860376871993
746 90.15250047284222
747 71.67561241260678
748 77.51558164700644
749 91.30077823859602
