0 73.1299920761927
1 64.40735587485524
2 70.09964331702733
3 70.30399772202318
4 66.72437159035864
5 78.40201503334941
6 77.88520347392111
7 82.56588275778819
8 69.15601020244478
9 68.7009773120137
10 45.85755745427594
11 64.25742619354256
12 81.75144730204221
13 69.29838293252101
14 77.34109345046414
15 67.22864989089213
16 56.78419575028938
17 46.07321357757421
18 63.63355496988269
19 37.96647311480092
20 74.95936171018995
21 69.64453288775351
22 70.72648628676748
23 69.43317257911879
24 81.99008623548062
25 70.21571435714357
26 59.039247188740895
27 80.67226199514016
28 68.72549151793189
29 55.112146403561745
30 58.43645422014435
31 78.76858466180938
32 76.74352259583083
33 65.94792849584013
34 64.33044213495457
35 50.315653583226926
36 61.67203858226329
37 64.53063150731968
38 62.66903648498155
39 56.61325813569897
40 65.42409744218082
41 68.29027922642436
42 74.17067949091017
43 80.92529389199426
44 47.72181203543021
45 88.99404935882438
46 44.489283058863585
47 59.48665803045229
48 60.727945812739534
49 56.38272173647213
50 61.77958921328872
51 37.30592063016879
52 73.03849425368402
53 45.26251117883355
54 69.66694435154905
55 56.244464099800496
56 58.90789410634747
57 64.13412962425653
58 82.96001575352092
59 73.49087048843987
60 65.60659137552548
61 81.87266431147772
62 61.94013781997871
63 72.32605001769011
64 58.26934076238163
65 61.001488531763286
66 49.49366844835728
67 85.90563346749573
68 70.74899023448607
69 73.82128885138631
70 66.9850688649878
71 71.76035507870066
72 57.915512702149655
73 86.42702794983796
74 60.26850107691685
75 56.62452329164726
76 61.98592291337373
77 68.78410748239502
78 69.93551199417409
79 53.33887096419428
80 76.51933546903695
81 69.82931209732871
82 65.63153662591726
83 76.4119363002549
84 48.30953264843233
85 85.3281912935203
86 79.87870916431956
87 63.71196776414118
88 74.03127994189387
89 58.94691630296881
90 65.94135944260336
91 70.08405018239978
92 69.21269654690211
93 68.83958346964496
94 88.11122758603551
95 49.91478358386973
96 77.0086481809104
97 70.53480699242208
98 70.46093204624933
99 77.1822603388785
100 81.52863422533017
101 71.39753637594926
102 68.21346330287278
103 64.63539654982765
104 61.960615359601576
105 72.14282030471601
106 47.64128570709457
107 49.79288136197051
108 70.94236131493517
109 67.09568646386235
110 65.16515028165487
111 71.54128031742029
112 68.16268602282676
113 67.08523708631341
114 68.14204018724422
115 74.02641354037843
116 48.28285844473882
117 62.25792165207587
118 76.99469709924011
119 68.30623625453588
120 70.92493517806746
121 74.86038748245767
122 83.49509516443183
123 59.11620240872913
124 71.41055420562448
125 76.24662875139263
126 72.44975942447937
127 70.00537402265216
128 59.168340116627995
129 53.13190361106198
130 62.43861954177894
131 53.665014154357415
132 55.64615586460525
133 72.38451289900358
134 68.90374227291169
135 54.585017443483515
136 73.30500218634677
137 74.76129800543556
138 60.259540255225005
139 71.06472600295503
140 67.78348581643213
141 77.60813360169101
142 65.73622283826887
143 70.17300310214777
144 75.18201537436599
145 59.20817648679838
146 64.22177871171507
147 65.05496351281371
148 73.80405531872593
149 59.086496526850084
150 73.86152730588678
151 58.67762717852297
152 66.71420291931285
153 72.70985847561813
154 75.1340553937389
155 62.344167499706565
156 60.86447650001012
157 66.72912653109307
158 67.03551688478997
159 71.2051761350697
160 70.12444632144388
161 67.10128738176546
162 59.87485784744656
163 60.14110806920656
164 62.768234264636625
165 65.19291894778341
166 97.85564780395453
167 51.51149177443793
168 54.05158811751887
169 71.44099698558452
170 91.70224290488129
171 59.00673301514054
172 63.72550685983955
173 56.024949937795625
174 60.57452894464461
175 63.64002110829636
176 71.4093998597472
177 70.13612888568626
178 53.54810194675068
179 86.32281439819708
180 62.76902223223661
181 66.82599145241412
182 53.945650712085765
183 80.06646203711783
184 56.42938913420287
185 68.03561938733375
186 59.6079637974164
187 76.65912798630661
188 55.62596073631779
189 58.83007477587235
190 69.967519591886
191 80.30283161318854
192 57.241965371066655
193 49.176761747810524
194 59.61072277216716
195 54.826098708706255
196 45.20295211956739
197 65.69397551427511
198 77.46284201370571
199 73.398464311161
200 95.24972015386213
201 66.25797780877215
202 75.1313416770143
203 68.81526167516307
204 73.40547873739911
205 50.83079309018281
206 57.36795609990727
207 56.02770214717783
208 64.80045028507175
209 84.3505338393229
210 50.39210610497422
211 50.05885167490771
212 64.37019651013598
213 72.89873753889361
214 83.01606819360421
215 58.93402603638114
216 91.67075835205466
217 72.36078773098683
218 56.673201132040425
219 59.18700442497914
220 70.05541882696146
221 71.40608321370154
222 36.356060445003436
223 57.167804490429376
224 66.95609468049618
225 64.10296856132315
226 42.748963706005334
227 72.02670207230173
228 83.15658063343682
229 72.24352551586195
230 51.79575121316945
231 78.51028577019206
232 59.952436922454275
233 71.20549405231976
234 60.89737957852038
235 78.49057937204172
236 79.78262444540424
237 76.09951017536162
238 88.48866494281137
239 86.72283286081392
240 91.41234326509372
241 68.18225671203224
242 78.18724372533387
243 78.72320668660193
244 74.05367115209744
245 90.79054989204705
246 68.27037228046174
247 60.27593437678206
248 60.148649923343726
249 59.03046528657746
250 72.78257190728745
251 79.53527443775022
252 35.98796989980619
253 59.91083635142384
254 55.41670964006182
255 43.297699861914424
256 63.66522829733617
257 80.76100234734533
258 67.75788153505172
259 72.2754235562893
260 80.5796179250573
261 57.088905655640545
262 29.653468590822566
263 81.7705662235497
264 52.87805471026395
265 44.36029879083984
266 53.007623681042645
267 64.30182458679472
268 69.63490413214885
269 63.357432896260605
270 69.38612501916586
271 83.98126973871892
272 70.32110299415505
273 70.39032808061351
274 74.83066649151905
275 60.11299715460135
276 71.5289722822696
277 66.68711569707716
278 60.54114249460563
279 72.96534578423571
280 80.90472947152811
281 63.964739243628365
282 73.93284025182827
283 47.98555311320051
284 46.493707882481424
285 72.75017102803213
286 76.0845684604456
287 77.11213613607713
288 51.698265969736035
289 55.57602863576895
290 86.3588677885184
291 55.031813512905146
292 53.30453997868461
293 78.21731645194228
294 74.04594967860857
295 57.234648173384905
296 70.93789403744435
297 65.13980314411693
298 63.630682461773354
299 64.5140681973111
300 52.64315286756498
301 74.45959619600222
302 75.46212236365726
303 44.74325148082474
304 74.75996925362301
305 60.71094009360088
306 72.05586778062397
307 80.72931632129048
308 42.19143817917543
309 80.79335646472867
310 66.72162655590073
311 85.68460253459928
312 69.7882979697415
313 63.383740878180184
314 70.86399628246588
315 66.59556669286327
316 69.89382286180232
317 52.28757000103112
318 73.37287901273454
319 82.88863659246185
320 58.90973249999128
321 69.54497583163307
322 67.58580854779247
323 72.82510663109434
324 70.52872090437533
325 52.460465350590596
326 82.97649837031904
327 66.10135285198358
328 73.17593933066873
329 70.69198291899059
330 73.3067906488135
331 50.13053073747988
332 72.51444139312106
333 56.33332127623375
334 65.20079125546141
335 64.97310319112455
336 66.2162372009612
337 70.225801234966
338 84.56552497289674
339 66.19880129584452
340 59.84964455535986
341 53.6241033224199
342 85.36508926635943
343 75.44390667048695
344 72.45320905772961
345 63.61349700650317
346 76.33474492189274
347 56.11115314744828
348 70.11948499835513
349 57.85093688065933
350 86.55202706416898
351 62.766274875364225
352 64.03744068861523
353 49.79694496102967
354 62.88904118931903
355 65.62661696274913
356 64.420530303544
357 65.31127822535232
358 79.90739945933275
359 61.77900147478583
360 81.48345156774405
361 59.29178228751964
362 72.09601868818325
363 53.798536584252055
364 51.686181901581726
365 58.50633230610558
366 84.04355044022482
367 63.623470559048535
368 84.17560099297135
369 77.7650357056529
370 67.48271601410053
371 73.51856039142633
372 70.15856114817434
373 60.15536073670851
374 53.077741055334094
375 68.54821040424702
376 77.90872752636923
377 84.43771912440381
378 50.199782704568044
379 56.16405709569639
380 82.72933710006129
381 55.324494602434946
382 69.26398697750996
383 96.10095734801234
384 77.42226488221556
385 72.55706098676521
386 55.221474057100686
387 77.2867107493457
388 57.19455327884532
389 68.53727972667095
390 64.56370239034523
391 67.95722505643366
392 55.70576238092217
393 62.661986682558585
394 47.495075957726826
395 76.07856058568781
396 57.57682507281421
397 66.03137269860214
398 47.718450497494416
399 66.3611250083408
400 50.25787247027674
401 59.68553283379983
402 82.26636078372559
403 87.36141878635833
404 68.43758367998417
405 74.9599719297953
406 70.31990322958784
407 51.21150421087726
408 53.341721567463665
409 65.20734727114451
410 89.82164606706579
411 73.54259756414585
412 59.901632907732065
413 82.3143520254133
414 66.47435854550069
415 77.8820493904045
416 41.70163122406174
417 80.62266216383071
418 71.32554260898927
419 59.8333102794959
420 67.67951867215041
421 56.438092206405216
422 67.66560708124689
423 85.74074464070654
424 89.91247119024679
425 79.94095722983856
426 85.26861723236362
427 65.53930681964201
428 63.06042705554296
429 75.7890276602132
430 65.17260909040755
431 85.18500500330126
432 41.77185862113277
433 66.20310014630947
434 80.77878779035731
435 62.7212118486582
436 61.10093257117766
437 60.14154859073479
438 69.39823042364996
439 59.021764351347414
440 58.46771529661474
441 70.15747541329667
442 74.50032677284209
443 69.52131706316925
444 52.58016041993342
445 72.9579037563928
446 74.08068399240659
447 74.99954147234158
448 75.43389822229334
449 72.96556219210822
450 69.8996590321272
451 65.9586214301536
452 75.04414496814604
453 53.97848428251259
454 74.07433565619088
455 38.19007997688515
456 66.67716841433392
457 76.48274068390458
458 59.62177074473683
459 72.49811376763572
460 64.64223374027412
461 78.15641254771481
462 83.34163050297364
463 86.79593940431194
464 75.21771136054272
465 61.56789839351681
466 70.17652758985699
467 52.13505228650386
468 57.75032344264283
469 53.09866236573773
470 77.090325066719
471 82.67250117611599
472 71.3965352898888
473 76.77060328564907
474 67.18660589934593
475 72.49912907774201
476 84.15928856656411
477 62.34788161964823
478 60.04653767043051
479 82.41469311241079
480 58.794194571323
481 72.88112762449529
482 89.53863220831335
483 73.0898574378704
484 71.2888406308547
485 46.25224118630425
486 51.27671560522354
487 72.92571450220993
488 48.136862676113246
489 78.66666887285179
490 61.92915041253662
491 76.70024533713546
492 62.68265416137801
493 78.01695632309887
494 69.5546698234208
495 55.96453454636221
496 64.755934310782
497 74.75939153824858
498 61.1468498274088
499 71.92534608769432
500 71.64822164368888
501 67.06337179612822
502 46.27150623389338
503 54.99828510253112
504 68.66037798841639
505 59.64946900148409
506 63.427565428896926
507 68.42682805221877
508 59.20065069633756
509 84.92301824998873
510 57.31173123041396
511 58.42717824572262
512 63.01892708549171
513 74.9831776110039
514 85.9650320848225
515 62.394375416464946
516 63.594646351982135
517 81.35028623666163
518 70.04391923758028
519 70.33690711917181
520 74.23155158217405
521 69.99063747207023
522 75.25715622397941
523 77.81720867587279
524 78.21075158612284
525 58.49324549513023
526 72.37849221252924
527 76.18906329664043
528 76.78787411640064
529 76.12820868514919
530 74.0911156735092
531 59.45819403602998
532 65.47688482938567
533 76.20596067716293
534 82.19185954581859
535 80.89129247763138
536 58.00717831104039
537 62.84959435689839
538 69.04053317479396
539 76.34003592398203
540 61.94869104152396
541 84.48670061853655
542 59.15641721241251
543 53.701807502835116
544 81.27810511698584
545 79.230415888829
546 73.72324491226712
547 69.90337380922794
548 35.717302843860715
549 72.94832599129612
550 58.782429750910254
551 61.236717599485814
552 60.19505757386768
553 55.710462107782305
554 40.17759866038263
555 77.2895330273687
556 83.7465132466748
557 51.642292652622224
558 58.94904643888313
559 89.01029142125014
560 65.15863704291925
561 84.34315417198627
562 58.219768175260135
563 62.49829683525377
564 78.68411249489874
565 60.998525646121294
566 66.2677672498642
567 69.58683866949833
568 66.1195353721848
569 81.40569565009719
570 74.58356782821843
571 76.59693104605584
572 77.35619287257136
573 59.242387543115846
574 61.303075868360615
575 66.76066091774224
576 68.81732160372216
577 63.40925081662661
578 78.29436414172633
579 54.69717547916629
580 89.0301327470067
581 92.99014328696906
582 72.90347284034543
583 63.797609544932584
584 56.1681870256588
585 60.29252386778855
586 58.230075718608106
587 46.81165479288163
588 49.51276487852851
589 67.94234088195851
590 52.29459505325029
591 63.62020118262342
592 66.21693468529301
593 55.38860991569725
594 89.82874905251123
595 63.34917784955844
596 63.54437840326616
597 84.18925156420549
598 66.89944376658684
599 80.80291191467734
600 57.24706528950731
601 67.73769233781329
602 61.69614948150902
603 63.67996831036482
604 78.15100742981754
605 58.841549532895336
606 82.18107346196177
607 75.53718483318724
608 50.112537169979646
609 76.06521207007941
610 49.50490447790961
611 48.200076153504725
612 74.21303380864651
613 65.46981128166743
614 72.78006532332341
615 60.74816295437309
616 71.84498252065292
617 53.119990139169786
618 83.59580679045382
619 64.08553358358402
620 88.29188829723718
621 77.64605116542208
622 85.14607339461553
623 69.15077632858733
624 75.11721961001292
625 67.80229156993391
626 69.60373436172108
627 72.49219993084633
628 72.32065036770699
629 56.17651442117334
630 67.03332574372268
631 70.57125823560409
632 77.13218022652086
633 59.22595390005952
634 81.10638754743472
635 47.982874942776526
636 62.78194167424495
637 74.7846972464097
638 100.92795049582477
639 72.5546724567837
640 67.20478270764364
641 63.37890163778538
642 72.52205322868546
643 70.213167962332
644 69.44596687877551
645 55.39601849870097
646 82.63172287804053
647 61.31360726038975
648 65.28081586173286
649 53.59246564376053
650 76.33282814779541
651 69.10668602633565
652 71.23442840526441
653 68.88234940269517
654 54.93158876942796
655 74.22505084870221
656 74.24419473439123
657 70.97534454985966
658 69.7841432176157
659 86.26023380750354
660 61.47243760638985
661 77.03502303980333
662 70.51418981233624
663 57.604061659311974
664 71.18783445580269
665 67.10713548990014
666 65.65850327939759
667 50.69152071424438
668 43.1038789333204
669 78.44210429560879
670 69.46212718126404
671 59.435097885803955
672 79.31969087011933
673 81.9159421444088
674 69.31068946736094
675 74.02455038571703
676 85.7313200231102
677 84.30905785202476
678 65.27964120244857
679 69.9818087656351
680 76.86954197599951
681 73.39762155545823
682 84.37023843113323
683 75.0726792188322
684 63.69301145641217
685 67.03041731179171
686 90.63870683007153
687 65.02865422025008
688 61.21907397757786
689 77.12756144173419
690 65.81847291645286
691 61.915465070076394
692 64.15201337039728
693 69.50097559347051
694 60.88462879159584
695 81.99228664991152
696 54.56754494455951
697 72.6109104119332
698 49.11922630060435
699 55.88936815368069
700 71.62573132221497
701 57.33237210944976
702 68.03164881949203
703 70.73386675988327
704 78.83139900132355
705 68.53292970641827
706 61.379295865010086
707 59.730686322165305
708 62.89102107601555
709 44.197579730825964
710 63.64668426972636
711 49.304849345233606
712 70.81366619389188
713 59.26309540386194
714 57.09392497347983
715 77.54481416767456
716 51.7709876461891
717 82.42046900212411
718 78.9229664986988
719 69.55926915644808
720 70.47632507638984
721 74.59931512190502
722 83.35227870899067
723 53.22729822165565
724 82.45636838847308
725 74.63575131433537
726 76.06331969013759
727 69.17412504977578
728 73.10732327582951
729 74.81866548583164
730 56.87052850502053
731 66.08411719685401
732 79.15468606570614
733 61.610006481107376
734 57.6278074585771
735 73.33191800698859
736 68.13347739703796
737 80.48388421779315
738 83.05079360491128
739 99.04688525186461
740 65.48117135677961
741 62.870561486905956
742 58.19574204347733
743 59.58544226795386
744 80.96815321366283
745 56.711462889349896
746 47.860611761084606
747 56.71751375727913
748 68.11383680975634
749 65.61286032022241
750 49.04228887388521
751 76.47479714029856
752 58.66273675865075
753 45.4060680848371
754 65.24138584036662
755 58.89429444228119
756 70.4064865473182
757 64.54307302246137
758 75.1623990613742
759 79.56308444783278
760 80.83418805294731
761 71.23404488788553
762 69.65939523274785
763 52.64464160840012
764 62.76940022066631
765 66.68393288588663
766 69.93306704420328
767 64.5876667185234
768 75.10553700945162
769 63.707071389995285
770 51.99273965259967
771 45.318221398869696
772 68.88731507386194
773 65.42152477160728
774 64.5716182514794
775 81.82072843461269
776 85.4783448254597
777 56.62150107287477
778 55.21787138557218
779 88.19061510639064
780 46.693778403142545
781 72.06808135548647
782 81.08507423566834
783 60.38817044506712
784 72.04839157874801
785 59.39482234171703
786 80.2949589063699
787 75.13327243753848
788 79.05710716372293
789 58.57708976117568
790 60.41276032099746
791 52.5364936732451
792 83.56764554034591
793 47.257633002344804
794 64.879113248978
795 81.52053675110119
796 71.16908546597229
797 67.77133756305577
798 76.7225818954998
799 69.830038722525
800 63.230829395502894
801 67.23376552233842
802 58.532898083504584
803 82.30777553156388
804 59.080005788396576
805 68.61785802320132
806 55.809624300555576
807 76.5164318177391
808 70.25592593796453
809 83.79286707928007
810 74.82017983546851
811 66.06752982898453
812 70.9901193902901
813 50.46805998075422
814 52.32435116436614
815 87.83221975189336
816 56.00061010394246
817 75.41652883752494
818 57.787751433890286
819 62.67135842052807
820 58.932238236819906
821 83.4285327850797
822 86.47712087341317
823 60.50488014649555
824 51.28926754217076
825 46.748348909451835
826 62.8845221185932
827 71.33338110656474
828 73.08029242500295
829 52.21754786798452
830 74.58713854163102
831 60.53465917361051
832 56.896261413719316
833 65.23091117562625
834 63.19558742823118
835 69.37217958861841
836 60.33282816590973
837 75.57266108767476
838 72.49359486937296
839 70.61683465548568
840 78.13689927318302
841 69.35974076849728
842 70.58246565975314
843 58.8657697233502
844 70.8591535046308
845 85.97683554318202
846 73.32613137708114
847 56.9944974571153
848 59.67464671337766
849 66.87407168407707
850 65.53095308080009
851 67.38265111027036
852 75.32049539905628
853 92.99268272853574
854 68.03782912357407
855 64.36520279472239
856 68.74420404015795
857 61.15408531020734
858 65.13165926443561
859 51.80645587487598
860 57.53798240068279
861 68.18850369851953
862 89.07559340978172
863 58.04615685486935
864 50.49738538447047
865 63.22381406009487
866 62.63199772059107
867 62.678618609468764
868 80.69379129453044
869 56.76348078508862
870 62.121145925512835
871 76.04061607248795
872 72.8206744061408
873 57.46471411369661
874 54.57383944305098
875 70.3595740840038
876 65.07252373183206
877 62.89435951386664
878 66.36374630991888
879 66.89276299960981
880 50.27696107620117
881 66.62544246777422
882 68.70979225043193
883 76.66904397133393
884 65.2967136962397
885 70.07491230081575
886 75.29349988848907
887 68.96236416172883
888 77.15543622415501
889 67.46623976361455
890 70.6137441188461
891 46.518538177908454
892 69.83397957715117
893 70.55868149751146
894 66.43058451748102
895 59.14123088498971
896 76.1570526563791
897 79.42402885551606
898 61.7015611967554
899 65.12323799372346
900 76.00093401495297
901 69.85625178713038
902 61.366273880988444
903 57.66723235769087
904 69.86385645286941
905 56.705428767385364
906 59.92731097848116
907 71.78225261147985
908 63.36433877898788
909 75.36730483435151
910 74.30929141688424
911 60.05035167322967
912 66.77373786230721
913 60.38387241354175
914 81.70511004774471
915 66.31049601667554
916 67.73965342444842
917 46.79626897381735
918 74.28519252089207
919 78.56270423498113
920 57.168897589588425
921 97.75474278446447
922 63.675330132838205
923 77.56440912384903
924 84.52631255665298
925 56.03678338784557
926 75.07191530694752
927 61.82748323164478
928 70.96835524808608
929 71.68733421176105
930 91.25754106048879
931 69.97116086568938
932 86.51897872838045
933 64.57207219053511
934 77.35335994332907
935 87.88854832398373
936 61.45832510075289
937 72.87959703367446
938 69.92301353768444
939 74.30106379495193
940 49.14970340900572
941 74.34790272524147
942 63.86418304269265
943 70.4285080962293
944 64.785419428398
945 67.34769997542996
946 66.15497660733489
947 61.91102614840698
948 70.3731428285439
949 56.596114867333924
950 47.57819679302058
951 71.86753190970235
952 75.15094232001573
953 62.68718592270851
954 78.89221524272152
955 86.63454781043154
956 55.96636982864462
957 53.87190937426001
958 65.24671093308888
959 69.22075804706465
960 87.55425385258125
961 75.81412016157826
962 71.89222502657321
963 56.03907424764179
964 76.37488914413998
965 60.903182790768376
966 73.86717062454414
967 83.40413494649759
968 66.33508866264485
969 59.12311144545411
970 64.27912172063708
971 68.59491578016215
972 63.97386314999944
973 79.55052426991493
974 66.05811566086498
975 68.41277590036752
976 58.201642800536106
977 73.32785757484163
978 64.28954988839163
979 61.67971091780334
980 69.62083056248142
981 57.22782922606514
982 57.059057134904094
983 69.27218340293695
984 74.65540278753836
985 74.87106524722388
986 72.13599527884035
987 74.15346816483729
988 61.2295145167536
989 68.36215775672846
990 70.67561649808663
991 66.4343421561039
992 49.28883790897136
993 64.27456212815405
994 57.85001756823568
995 74.20994746318758
996 62.99366227455068
997 67.41635251403756
998 74.71049936146025
999 52.24820324112611
